0.0
5.213823513363005E-6
5.235270542504747E-6
5.257909894500139E-6
5.2828650979837896E-6
5.273082722662699E-6
5.230715375996697E-6
5.192767958362778E-6
5.145674024597163E-6
5.155133544155392E-6
5.182565682396949E-6
5.223399562457249E-6
5.219922827335556E-6
5.191439264789923E-6
5.19005803850108E-6
5.2030262696662205E-6
5.200273266582892E-6
5.1936641241528605E-6
5.2113127905314E-6
5.241543185538703E-6
5.247473943481825E-6
5.229788889550358E-6
5.245684837469806E-6
5.281650517779151E-6
5.320145754052166E-6
5.3399239309882195E-6
5.2994861139170484E-6
5.2997203550143205E-6
5.25835937788036E-6
5.2608846855656166E-6
5.280947108061592E-6
5.242096703558542E-6
5.2235696573001815E-6
5.2255731639721615E-6
5.204362908371859E-6
5.210139293253411E-6
5.21341049358039E-6
5.220020396676041E-6
5.213114572783369E-6
5.225691168608487E-6
5.203540426385577E-6
5.157261003633416E-6
5.221983540868735E-6
5.25721276133621E-6
5.213128839263877E-6
5.23408547333687E-6
5.280393102064135E-6
5.285641986554969E-6
5.354045970383449E-6
5.371155164743653E-6
5.413160907162984E-6
5.41694167680626E-6
5.440708319945008E-6
5.435160387977795E-6
5.397039573916179E-6
5.367229468732556E-6
5.379753374778533E-6
5.432142543866526E-6
5.424108097275823E-6
5.3750390897825416E-6
5.39633740037123E-6
5.393058027034785E-6
5.457296303985752E-6
5.429647908150344E-6
5.435968208100104E-6
5.534728534741662E-6
5.62633328850143E-6
5.652772393357288E-6
5.662044830638651E-6
5.715734645313092E-6
5.692019832735425E-6
5.691939337646688E-6
5.6554352585867E-6
5.658219701665591E-6
5.696446954182667E-6
5.732966144863184E-6
5.650256751870116E-6
5.613330232465912E-6
5.627289271952311E-6
5.568183694667022E-6
5.523650897758156E-6
5.4783674258924846E-6
5.5155038302477416E-6
5.52577956793894E-6
5.49838857912837E-6
5.511462801098585E-6
5.4973104277434185E-6
5.464307570853187E-6
5.534682755725577E-6
5.466340149228269E-6
5.452559121677328E-6
5.420954459055021E-6
5.384575631340311E-6
5.409374624267741E-6
5.328591850676732E-6
5.242534362219342E-6
5.328078986153709E-6
5.35986706868481E-6
5.393762085258814E-6
5.437121181635694E-6
5.458915327742813E-6
5.49484069136805E-6
5.443935965986782E-6
5.437761653658731E-6
5.4535005509180855E-6
5.4292188841405735E-6
5.418450482639322E-6
5.429147276272053E-6
5.367049668619537E-6
5.274143026147568E-6
5.272887965369333E-6
5.3448524282167516E-6
5.3422261806134415E-6
5.3306952291555364E-6
5.3271947614986995E-6
5.262279293282176E-6
5.1798764986416506E-6
5.123979783761287E-6
5.152819203930986E-6
5.2634046254276E-6
5.259139605635417E-6
5.265564920619238E-6
5.338687082065606E-6
5.320215949959423E-6
5.27648408856293E-6
5.239109501217399E-6
5.262801995353934E-6
5.3263309300467515E-6
5.424760369887393E-6
5.508703257876338E-6
5.568505466709627E-6
5.6152582371770615E-6
5.612251137446699E-6
5.64308614296364E-6
5.672498174296478E-6
5.624400995536948E-6
5.582119254290741E-6
5.528891403523957E-6
5.535842362745207E-6
5.504686404139636E-6
5.481744879810521E-6
5.480823101746467E-6
5.451953385823154E-6
5.4568138178136866E-6
5.466746108510984E-6
5.434648296528067E-6
5.424108093440052E-6
5.461406625585265E-6
5.482125844538154E-6
5.5054451397688275E-6
5.5114486973760236E-6
5.461876227058846E-6
5.504191237157288E-6
5.473951873090665E-6
5.435665747281426E-6
5.5178978780591545E-6
5.539565539166217E-6
5.6025547687233845E-6
5.546369334664848E-6
5.508868821208482E-6
5.600081280603716E-6
5.542148184693183E-6
5.5856199947913725E-6
5.528701365815053E-6
5.526756446936978E-6
5.5752413461768895E-6
5.60615536909089E-6
5.616583149985543E-6
5.645827644377153E-6
5.637744134747403E-6
5.60753564033283E-6
5.624864191360929E-6
5.590170631646793E-6
5.605235472610796E-6
5.62685136059558E-6
5.656697242362967E-6
5.6683517727287446E-6
5.6998656150690295E-6
5.706434811848739E-6
5.683495942655925E-6
5.715251197326745E-6
5.78754335899932E-6
5.752673678464264E-6
5.738885287422756E-6
5.753228578285455E-6
5.770829714476688E-6
5.753922789722801E-6
5.828517174407676E-6
5.846318956545475E-6
5.817034160509623E-6
5.783265356492896E-6
5.827299926161758E-6
5.8093959883609615E-6
5.64185929242825E-6
5.6699684279016546E-6
5.59571176038492E-6
5.630199270279784E-6
5.58150226691813E-6
5.598654644405018E-6
5.498944453701532E-6
5.463956958789806E-6
5.45862150780189E-6
5.366478702700767E-6
5.37173402832825E-6
5.374048641821978E-6
5.431376097792946E-6
5.411986806664252E-6
5.46076911794958E-6
5.3988527657151675E-6
5.422337846592851E-6
5.387609225873473E-6
5.4397720976480606E-6
5.402037483745746E-6
5.449272156227078E-6
5.375633118459568E-6
5.3460886722852866E-6
5.37327918377711E-6
5.350480339745483E-6
5.305970425745873E-6
5.300794438164491E-6
5.295432515148423E-6
5.302372766032811E-6
5.328586416066389E-6
5.360077523684388E-6
5.369218702054987E-6
5.386982140467895E-6
5.332887822053067E-6
5.384554167239763E-6
5.381227273971391E-6
5.343347659162484E-6
5.380384347307764E-6
5.410370298058049E-6
5.38006644409924E-6
5.398536895052816E-6
5.432139820109321E-6
5.4248188847611426E-6
5.514619561283078E-6
5.534692712471187E-6
5.462966906504417E-6
5.4542995554032E-6
5.405212100809758E-6
5.3881674008632475E-6
5.366168724060957E-6
5.359727690785164E-6
5.330709067905188E-6
5.312642073424525E-6
5.336031295670804E-6
5.318953104799438E-6
5.287087415122356E-6
5.212293884336724E-6
5.261065148005962E-6
5.226300690957456E-6
5.2756071515071925E-6
5.32250880538168E-6
5.378577501565078E-6
5.389548811089372E-6
5.37150938186597E-6
5.345647192732924E-6
5.3139583686712245E-6
5.299059955130509E-6
5.286211862958011E-6
5.3267442652342725E-6
5.370349816624284E-6
5.315594435084769E-6
5.2769046721978265E-6
5.234977820979109E-6
5.2313921830600425E-6
5.2610542636947094E-6
5.2644202035127765E-6
5.38473988611764E-6
5.383811887352664E-6
5.337771748818046E-6
5.317638043988987E-6
5.349037946122283E-6
5.328131569269437E-6
5.348282446347236E-6
5.359090119977662E-6
5.388298833973491E-6
5.402739663662117E-6
5.410127411534748E-6
5.343588035023005E-6
5.358107859536064E-6
5.3845838261484904E-6
5.4477959205881934E-6
5.353430979280048E-6
5.379415542972109E-6
5.4122184647699314E-6
5.470585112874999E-6
5.4483688368143945E-6
5.469223529085232E-6
5.388181713145273E-6
5.382334462060905E-6
5.342397116533559E-6
5.355369026996968E-6
5.329231394834936E-6
5.388748649550869E-6
5.331387441339411E-6
5.352750912377079E-6
5.278983678497884E-6
5.231628783184488E-6
5.238668563272013E-6
5.190462998049295E-6
5.207674375879644E-6
5.196376288723583E-6
5.167951275808571E-6
5.148034000431736E-6
5.177926496632283E-6
5.230107682190763E-6
5.238577266242153E-6
5.242340007612383E-6
5.2853798069372784E-6
5.243049371516462E-6
5.173228903185711E-6
5.150918102871004E-6
5.187360894714582E-6
5.134152378513894E-6
5.192202668259379E-6
5.261547326734738E-6
5.23632689234427E-6
5.242430242377911E-6
5.207771653558868E-6
5.225364065971835E-6
5.195567620692067E-6
5.169472299466564E-6
5.16237608077092E-6
5.114954533147747E-6
5.166838383812932E-6
5.218551023606667E-6
5.248587606973601E-6
5.223624620307544E-6
5.2217946275846465E-6
5.243374880159576E-6
5.242987885494956E-6
5.287725775658835E-6
5.288865818162985E-6
5.250751169650835E-6
5.315719555718463E-6
5.3423633762371066E-6
5.3406108656021575E-6
5.337757094735562E-6
5.286101989228147E-6
5.294593917504047E-6
5.270367517788766E-6
5.27979993727867E-6
5.260714976960397E-6
5.207129746771351E-6
5.249726921709963E-6
5.209586030178971E-6
5.222057396262565E-6
5.210568287421144E-6
5.14621159479877E-6
5.1915140409944415E-6
5.1748212219798475E-6
5.165530960302974E-6
5.146459081384348E-6
5.16867560571794E-6
5.194805660046576E-6
5.288278279602793E-6
5.255933633591661E-6
5.228245094354689E-6
5.29120996363995E-6
5.31602744637732E-6
5.331059733087787E-6
5.347503859879337E-6
5.402062671804735E-6
5.421667685559128E-6
5.403941461085901E-6
5.418741724396602E-6
5.477507190770145E-6
5.44834931224664E-6
5.458437566900033E-6
5.426126430880431E-6
5.461779475804852E-6
5.4695050691150995E-6
5.454203293969571E-6
5.469209407444881E-6
5.433367922243484E-6
5.521706542168212E-6
5.55648422455587E-6
5.591179634348222E-6
5.59172476307398E-6
5.563969925873275E-6
5.559801662424241E-6
5.57893184780731E-6
5.615767689308623E-6
5.539262064871569E-6
5.602542421671463E-6
5.552315358629443E-6
5.499145557641413E-6
5.496465711927051E-6
5.466895779073427E-6
5.515405734402029E-6
5.624771307425083E-6
5.570919673084997E-6
5.61473298649093E-6
5.680724325639752E-6
5.619493207040316E-6
5.64402852343503E-6
5.669404990172828E-6
5.722056203068048E-6
5.72811132763134E-6
5.7169525413308275E-6
5.680851291642667E-6
5.706140411591379E-6
5.617048398503242E-6
5.647824035273064E-6
5.612251824159083E-6
5.570023889001018E-6
5.609741072329022E-6
5.550965670540654E-6
5.537509566189004E-6
5.444114165007448E-6
5.402691406283726E-6
5.412742270932455E-6
5.465790923184809E-6
5.424178319204159E-6
5.397354446923743E-6
5.425695962927973E-6
5.468554627405581E-6
5.465172042647405E-6
5.494784597626459E-6
5.475279477382973E-6
5.459605521499896E-6
5.5061264434001926E-6
5.536432194592985E-6
5.59259322176164E-6
5.591041870549644E-6
5.5432748781480695E-6
5.6151398569026495E-6
5.588584284925892E-6
5.584737477650381E-6
5.5494744088174184E-6
5.465726107726721E-6
5.484269011152693E-6
5.4834013518429E-6
5.531133508337429E-6
5.514250466081813E-6
5.477495832889517E-6
5.4258611584918686E-6
5.4548929530875225E-6
5.463916637565351E-6
5.486174564446754E-6
5.48038084253237E-6
5.445543771660563E-6
5.445796308325584E-6
5.408588949711765E-6
5.40710928733335E-6
5.382067844905015E-6
5.422659341870248E-6
5.4287815957429765E-6
5.434354951436738E-6
5.470305231542789E-6
5.413937383579342E-6
5.4565247117788855E-6
5.464072332754497E-6
5.3810730346568514E-6
5.356262803697468E-6
5.324765163349274E-6
5.258713775121311E-6
5.237728670032996E-6
5.285867592917476E-6
5.223365352142646E-6
5.200473849747328E-6
5.164015489232781E-6
5.153039721580693E-6
5.098456255489943E-6
5.149284435733166E-6
5.169095585783282E-6
5.180079297148445E-6
5.168886090631517E-6
5.176375071810853E-6
5.186273735128812E-6
5.182531166541654E-6
5.196398446832495E-6
5.1588977824669266E-6
5.110234176777953E-6
5.104013578979535E-6
5.049071030585563E-6
5.022577992181778E-6
5.066804384398515E-6
5.0637596211457605E-6
5.068810861740963E-6
5.089596963427312E-6
5.074063625965029E-6
4.96973508037592E-6
4.937379273573121E-6
4.881845901350992E-6
4.8900917257652125E-6
4.96769684198539E-6
4.9992787277704495E-6
4.959189825620909E-6
4.960697775368376E-6
4.996573654167808E-6
5.069408846613559E-6
5.057335968690674E-6
5.018206929575016E-6
5.001865497125676E-6
4.987084296849529E-6
5.04810441387193E-6
5.061095077165194E-6
5.076871494841401E-6
5.103882937260325E-6
5.0808383668298875E-6
5.083417499666481E-6
5.082894431910562E-6
5.076024259123951E-6
5.099653922419784E-6
5.139005454146201E-6
5.154604895007967E-6
5.227715570597794E-6
5.193137036301016E-6
5.194759938176484E-6
5.196747036104683E-6
5.0784449642433005E-6
5.105428138731413E-6
5.087433596203707E-6
5.009641508847306E-6
5.044247897140092E-6
5.047719405666217E-6
5.014605330341859E-6
4.965694284878734E-6
4.952038787217239E-6
4.928564374104979E-6
5.015756221402043E-6
5.0145151583619195E-6
5.053458905227765E-6
5.081336827483662E-6
5.080650594378725E-6
5.075569152283424E-6
5.063665230640774E-6
5.076182948124341E-6
5.0380553787841245E-6
5.063834596230919E-6
5.0055228636610095E-6
4.944538997537615E-6
4.899043469072519E-6
4.903826679903646E-6
4.96033600235497E-6
4.90812230731073E-6
4.903244174479921E-6
4.902889697791055E-6
4.8665564600063106E-6
4.858164958056759E-6
4.786276874107088E-6
4.719127171704363E-6
4.7036222293251186E-6
4.694243934412068E-6
4.683740444900715E-6
4.64416307592558E-6
4.630702007464335E-6
4.647285969865642E-6
4.647277744768208E-6
4.6787846218758244E-6
4.687102541162761E-6
4.6603098346980195E-6
4.689638439101329E-6
4.683093070925522E-6
4.71050364965466E-6
4.6571759240323435E-6
4.710489487722758E-6
4.687796550935089E-6
4.659035077617682E-6
4.6545289859625535E-6
4.658504680898588E-6
4.640159793741201E-6
4.651597559175003E-6
4.585799453575726E-6
4.571551447934866E-6
4.637689518818982E-6
4.645609428399557E-6
4.668157004710463E-6
4.6590419977619065E-6
4.6840025483664365E-6
4.6815862962577755E-6
4.655936286855859E-6
4.694267362469868E-6
4.735691949891775E-6
4.708585354278627E-6
4.695688067277524E-6
4.691630136633104E-6
4.742186838721113E-6
4.780243066733337E-6
4.829580725440259E-6
4.829304175758668E-6
4.829981343345701E-6
4.850794496323168E-6
4.880599441234526E-6
4.904269580806298E-6
4.886140734680623E-6
4.9460954304145435E-6
4.981345936619005E-6
4.997850425221322E-6
5.047014803421404E-6
5.0905089216383734E-6
5.082857278567033E-6
5.1025163956174406E-6
5.121880513729323E-6
5.106139234063893E-6
5.048519679788354E-6
5.0268627335404345E-6
5.084085280800852E-6
5.0620410857018225E-6
5.065470263158157E-6
5.00195969911896E-6
4.97098246615999E-6
4.973530045294119E-6
4.91340084249974E-6
4.9445666923510926E-6
4.916748061160093E-6
4.905592168909287E-6
4.941063051709934E-6
4.9550919148233096E-6
4.951901336748618E-6
4.975994391159467E-6
4.980828392664706E-6
4.9863805088104575E-6
4.950090290393841E-6
4.9346057101627226E-6
4.924658746506586E-6
4.957504456038829E-6
4.938580828151138E-6
4.855832461112257E-6
4.841817626689736E-6
4.864100125404884E-6
4.847679495437821E-6
4.868714310150544E-6
4.837249108426648E-6
4.854276161601864E-6
4.840569422064335E-6
4.875184237128681E-6
4.868877142882539E-6
4.886104397088993E-6
4.872543931204752E-6
4.875007950628181E-6
4.910212480553247E-6
4.893645674728672E-6
4.918925598624862E-6
4.914363569547234E-6
4.9029732721820874E-6
4.926925926794873E-6
4.861612926223758E-6
4.883284498101727E-6
4.891813979509106E-6
4.918737677258943E-6
4.9041555066294104E-6
4.832464540193777E-6
4.848497521115871E-6
4.867819327569812E-6
4.8577736337074045E-6
4.802784895370127E-6
4.749695337875804E-6
4.808134014648111E-6
4.808174421648319E-6
4.807357116006815E-6
4.803837449257575E-6
4.8002643207965055E-6
4.807864353417203E-6
4.852500438400975E-6
4.899250279196013E-6
4.885517341078248E-6
4.959064840894681E-6
5.007885893386799E-6
4.9766318637791585E-6
4.944536236385717E-6
5.027395874609568E-6
5.004041743268827E-6
4.9922302023458735E-6
4.986858086580585E-6
4.954754862880453E-6
4.9310822335928014E-6
4.916040389071062E-6
4.950747126749402E-6
4.97714692278476E-6
5.107254716034191E-6
5.0945362298243444E-6
5.024196906619371E-6
4.971375860425754E-6
4.971103453138374E-6
4.9236157916637E-6
4.903269654385782E-6
4.904694084631269E-6
5.03923768472997E-6
5.030932430367325E-6
5.01131922353051E-6
4.997828384664478E-6
4.9876533263316405E-6
4.998079008111413E-6
4.985376209725661E-6
4.991306964903693E-6
4.9585755681305275E-6
4.987648369172921E-6
4.944127778569702E-6
4.915653860663644E-6
4.908822551383189E-6
4.884834475712155E-6
4.8984309206412886E-6
4.8854855072568645E-6
4.945390980582823E-6
4.912218897188299E-6
4.865948191433062E-6
4.909415223685438E-6
4.94034059157127E-6
4.857398171231396E-6
4.856458736855057E-6
4.804034589774952E-6
4.800016729915281E-6
4.801452268389918E-6
4.77093535210075E-6
4.779944947280562E-6
4.769316229180424E-6
4.793184360202871E-6
4.783450343843771E-6
4.739895236200489E-6
4.718913895195561E-6
4.7027767744149885E-6
4.724041965745001E-6
4.751597282419126E-6
4.735256045431898E-6
4.7922018516846776E-6
4.85774358510564E-6
4.89207709919329E-6
4.945673508768537E-6
5.048094523599307E-6
5.055866424255058E-6
5.069627736322447E-6
5.048084752512484E-6
5.046655748162818E-6
5.030683436229396E-6
4.9775863672374816E-6
5.003485320261721E-6
5.000848938326481E-6
5.0123264537799365E-6
5.03653855449591E-6
4.999233597279511E-6
5.058743121757581E-6
5.156128308511011E-6
5.157238485909303E-6
5.213885646161776E-6
5.210764955769937E-6
5.1803060598134865E-6
5.2049008683548815E-6
5.143427993956737E-6
5.117644453984133E-6
5.123269431218708E-6
5.149176267248813E-6
5.087664319281294E-6
5.060845369070758E-6
5.065240425558673E-6
5.085681438368152E-6
5.141214752968332E-6
5.108760616521068E-6
5.097955180991471E-6
5.070454568876424E-6
5.029260741377538E-6
5.082140187195879E-6
5.097472985849695E-6
5.097216804326204E-6
5.125425252270634E-6
5.16069656370455E-6
5.1881712439276355E-6
5.18894329845979E-6
5.2258221760072E-6
5.210876755465916E-6
5.178794876990698E-6
5.160441341966884E-6
5.136768825829336E-6
5.127473781269297E-6
5.1415994515023454E-6
5.24083852686605E-6
5.235456763953035E-6
5.241908132300198E-6
5.26240689580361E-6
5.253984198230202E-6
5.241452027882834E-6
5.2202906333868645E-6
5.092480251890693E-6
4.9606952143182536E-6
4.988095890132073E-6
4.973899863292025E-6
5.063320373057586E-6
5.115861749912332E-6
5.094918112796971E-6
5.119660268443535E-6
5.080933816304066E-6
5.110349817117003E-6
5.118242580961156E-6
5.150962405758121E-6
5.201418983162272E-6
5.189342973324073E-6
5.243590402325281E-6
5.246189980548255E-6
5.2224326241559065E-6
5.149815995650719E-6
5.15900777591566E-6
5.22473999294019E-6
5.246419467153398E-6
5.216103410944419E-6
5.187430382659104E-6
5.232364269856848E-6
5.243571789115644E-6
5.202247148327341E-6
5.162165988771098E-6
5.125580577455452E-6
5.161641957608133E-6
5.1229106218130025E-6
5.199990982461203E-6
5.274900674843894E-6
5.279891696275869E-6
5.264948615244271E-6
5.270592106232937E-6
5.262609508043725E-6
5.209990759606381E-6
5.1534986823555835E-6
5.178408425348167E-6
5.073128305063138E-6
5.0987112340128155E-6
5.181670672823333E-6
5.183281453399111E-6
5.174853797535522E-6
5.156991645716094E-6
5.152016539262677E-6
5.148881961501227E-6
5.1318747030715414E-6
5.106863247948824E-6
5.0669072020285164E-6
5.067005451271485E-6
5.091043927430926E-6
5.095920752505674E-6
5.053908409658381E-6
5.056158698750742E-6
5.031148972202247E-6
5.099788059247221E-6
5.091913321875586E-6
5.04242630190696E-6
5.051853143537669E-6
5.024105908970707E-6
5.10174709807627E-6
5.10445878127827E-6
5.108565551689615E-6
5.093954608452363E-6
5.10809812360177E-6
5.127797958816947E-6
5.174343040603973E-6
5.268215511663116E-6
5.277765364288139E-6
5.320018101745251E-6
5.323130272560932E-6
5.335115672976039E-6
5.373223460477127E-6
5.393903612104204E-6
5.366255640950206E-6
5.376613247199255E-6
5.293413629389555E-6
5.208410040354977E-6
5.210137689429002E-6
5.187082008597072E-6
5.165706250867573E-6
5.172593696563393E-6
5.102104078225135E-6
5.116469887440379E-6
5.093708859962273E-6
5.0812383703106915E-6
5.093008295711509E-6
5.081207649699388E-6
5.1375218365466305E-6
5.169684951258525E-6
5.186373659611984E-6
5.105188594235245E-6
5.192311167693933E-6
5.1830506158042075E-6
5.190039398151624E-6
5.125358279625627E-6
5.093912958766441E-6
5.071704284176229E-6
5.088191772541625E-6
5.0713286994759555E-6
5.1001656084086075E-6
5.138350799681577E-6
5.1557403539518115E-6
5.074361199404561E-6
5.066279473744286E-6
4.958279126474693E-6
4.969311698078053E-6
5.00855713048663E-6
4.9613283768149895E-6
4.951793237537397E-6
4.949686200764738E-6
4.994006984934493E-6
4.959218544296232E-6
4.913994877959105E-6
4.969964104976378E-6
4.956012445690148E-6
4.9747911155996615E-6
5.018264384585317E-6
5.032198864569465E-6
5.070037645113101E-6
5.1347477179815455E-6
5.057768747066776E-6
5.02438503197373E-6
4.948334531421115E-6
4.932965292732223E-6
4.922609869991889E-6
4.908532891932438E-6
4.897086540111514E-6
4.86851649046217E-6
4.894178783380085E-6
4.8260008789733595E-6
4.862676817786622E-6
4.783611285555805E-6
4.770900848123354E-6
4.754485645927151E-6
4.75025366753281E-6
4.696321818454323E-6
4.671765791867516E-6
4.679598257601391E-6
4.701480515388352E-6
4.674818133074165E-6
4.700587717885352E-6
4.677412842080342E-6
4.665905051292546E-6
4.62829140800491E-6
4.6086640660632805E-6
4.673934652363742E-6
4.591573703540619E-6
4.524408933007654E-6
4.529166441678495E-6
4.592143491837529E-6
4.498604775826558E-6
4.517201074366624E-6
4.49675032365087E-6
4.495543705032656E-6
4.462557907813551E-6
4.442548193691728E-6
4.408254555214111E-6
4.403379636836128E-6
4.4362373906452285E-6
4.421330206823921E-6
4.4343655545550925E-6
4.457491008100586E-6
4.481785139714982E-6
4.469325007522927E-6
4.54012161588509E-6
4.474579263765272E-6
4.453618134324575E-6
4.4651591028390295E-6
4.397731805445989E-6
4.456823195876493E-6
4.508170890894788E-6
4.513366343222159E-6
4.499001099054308E-6
4.513222380980874E-6
4.523330490489703E-6
4.487520053920797E-6
4.465753989460593E-6
4.48087195281336E-6
4.554612831232669E-6
4.533720132357844E-6
4.4818992823946335E-6
4.481848885631173E-6
4.512970448635732E-6
4.5472691613099996E-6
4.535743378920598E-6
4.504458670215293E-6
4.490991287384405E-6
4.512316612678936E-6
4.48080698608276E-6
4.461518061632927E-6
4.473200640860885E-6
4.482640548546564E-6
4.4783546903370166E-6
4.498636679024378E-6
4.501358493068743E-6
4.503716039324663E-6
4.541907002296602E-6
4.533242238239319E-6
4.529288464245459E-6
4.523384233202244E-6
4.556936648479718E-6
4.5642598454977864E-6
4.614432584350284E-6
4.579243533194187E-6
4.569871234202935E-6
4.607813553041763E-6
4.621541423666201E-6
4.624018755149432E-6
4.546816019046E-6
4.50085132857188E-6
4.507557541693738E-6
4.542824909622601E-6
4.573779476150713E-6
4.546539410616809E-6
4.51992811926215E-6
4.533147039261133E-6
4.5186462303242065E-6
4.446117961516546E-6
4.50197309637968E-6
4.502680123950007E-6
4.519550329184421E-6
4.530408948303405E-6
4.5422011996090244E-6
4.563262203853792E-6
4.582425268347696E-6
4.5728287055271915E-6
4.559484650942461E-6
4.535575464410065E-6
4.507446845664659E-6
4.4962895462306916E-6
4.4723397173693296E-6
4.545441162128487E-6
4.595266720550295E-6
4.603784022235668E-6
4.6367446222952125E-6
4.639367382560853E-6
4.6508102443746875E-6
4.721619798679161E-6
4.771272203513549E-6
4.791986396227616E-6
4.811926276435875E-6
4.7618390205999996E-6
4.741367730343969E-6
4.727603661893427E-6
4.691764402633347E-6
4.683997113020005E-6
4.72949404402728E-6
4.738622833580792E-6
4.851224348088952E-6
4.817410905150284E-6
4.810740598527131E-6
4.769090958082492E-6
4.745969126188855E-6
4.769053422472063E-6
4.7993128702627634E-6
4.786855348677346E-6
4.82644994916292E-6
4.764530552807676E-6
4.79194092011665E-6
4.766160281371868E-6
4.728719112015536E-6
4.720825922825812E-6
4.72004551681796E-6
4.725767468002707E-6
4.738483000036454E-6
4.791822131845199E-6
4.812688989825807E-6
4.755108799389948E-6
4.7826549242607866E-6
4.8585422970887595E-6
4.828691523340656E-6
4.836044734966955E-6
4.789376990435571E-6
4.840572365171708E-6
4.901838783655076E-6
4.898752049131627E-6
4.933042926716252E-6
4.912370265310244E-6
4.928323267168514E-6
4.908082434543305E-6
4.927169551874518E-6
4.913341299462394E-6
4.869396724281982E-6
4.794734717046402E-6
4.7862231388356165E-6
4.802056808743526E-6
4.8571488086274994E-6
4.881559527658443E-6
4.884278510274921E-6
4.896085093180496E-6
4.88142665939723E-6
4.829235254955883E-6
4.861451774108875E-6
4.872971249446589E-6
4.88881272338567E-6
4.909130828437622E-6
4.868499556704624E-6
4.889540181425568E-6
4.934614167575175E-6
4.92969261524066E-6
4.986738398020488E-6
4.949193806427801E-6
4.919995112817743E-6
4.889170876935526E-6
4.827960924947496E-6
4.810599480359839E-6
4.829050215564016E-6
4.780160881587958E-6
4.816752936988099E-6
4.837888879105212E-6
4.830600248283369E-6
4.808730827396543E-6
4.818974188123488E-6
4.868646089136465E-6
4.8247666427505354E-6
4.81704014154291E-6
4.822726595760306E-6
4.8422460926574194E-6
4.851675074550671E-6
4.7985842121746955E-6
4.776459591788135E-6
4.783249855989264E-6
4.71964806894375E-6
4.701735558643035E-6
4.713945963076544E-6
4.720809697841896E-6
4.753509393028497E-6
4.825223031351987E-6
4.91789096710132E-6
4.846564597577197E-6
4.848805853575799E-6
4.85332441040722E-6
4.888685016101141E-6
4.860450707232199E-6
4.913387909547667E-6
4.986002641346712E-6
5.028504891425282E-6
4.976867601921138E-6
4.962932301230194E-6
4.959022205527428E-6
5.022781183335036E-6
5.056815075343982E-6
5.063214625693178E-6
5.066386504776839E-6
5.0475352449525986E-6
5.178348486195489E-6
5.181047420735291E-6
5.161616895577106E-6
5.138347181871348E-6
5.159601455170583E-6
5.270818232272027E-6
5.315088399858938E-6
5.362490414686409E-6
5.335067355317806E-6
5.345715908653561E-6
5.304565469119107E-6
5.3162902282851265E-6
5.4217093595146825E-6
5.4134627499350865E-6
5.4210604164214625E-6
5.395367482216909E-6
5.455217515754211E-6
5.41373914063937E-6
5.449794082048321E-6
5.383776779638523E-6
5.353038975181548E-6
5.294473124443131E-6
5.377338301169306E-6
5.308810684648594E-6
5.365763391616166E-6
5.349088978482334E-6
5.382834159611575E-6
5.338859749924908E-6
5.35503966203099E-6
5.433210339979468E-6
5.456339045014232E-6
5.480728312431317E-6
5.548871714227667E-6
5.446851921691962E-6
5.4487339719462405E-6
5.499258558427551E-6
5.4453614038897525E-6
5.482918661858885E-6
5.471363714046584E-6
5.4671776527346975E-6
5.441979327593197E-6
5.4092960925090726E-6
5.4467490713954E-6
5.4557229090333275E-6
5.509648749335374E-6
5.485663024559229E-6
5.391607658687989E-6
5.426605211516405E-6
5.428137068762063E-6
5.515998623995652E-6
5.498646658784509E-6
5.509815540498056E-6
5.4503599133695496E-6
5.432935400899359E-6
5.4605482146006915E-6
5.528806847850081E-6
5.553842655796593E-6
5.538838911217629E-6
5.477149989383744E-6
5.434155964203608E-6
5.461543132651459E-6
5.445593985686347E-6
5.500658599635737E-6
5.524367019084924E-6
5.500399942659627E-6
5.505854312327593E-6
5.568626296866788E-6
5.606734604599293E-6
5.60126757899452E-6
5.5243263926988105E-6
5.565403606195919E-6
5.636590604680369E-6
5.765834769513723E-6
5.7707423876975445E-6
5.791558009505776E-6
5.80609679936952E-6
5.765310839365967E-6
5.773345277033419E-6
5.696122549798138E-6
5.638837045668711E-6
5.7460233507667875E-6
5.814908535812416E-6
5.697208284990824E-6
5.675674939015535E-6
5.630863219646891E-6
5.552223803011314E-6
5.540780816940135E-6
5.557137159784783E-6
5.561056694410959E-6
5.585614197335768E-6
5.652856054936856E-6
5.629363648127546E-6
5.621570734832856E-6
5.6595278387727365E-6
5.708679130841652E-6
5.703997301495291E-6
5.719599284180959E-6
5.7139250316609545E-6
5.738516549709957E-6
5.681887448578915E-6
5.697664384390741E-6
5.707096329235759E-6
5.697817182406772E-6
5.6293378494866365E-6
5.558035469917089E-6
5.486903300421664E-6
5.564319599281547E-6
5.589485487581028E-6
5.565406647768177E-6
5.451557070633714E-6
5.4643782953003565E-6
5.491091129850956E-6
5.460755310654111E-6
5.399163855909554E-6
5.378221466833509E-6
5.389929988410404E-6
5.333042635938505E-6
5.311161608164751E-6
5.3366620468069385E-6
5.340694116511019E-6
5.331155048572188E-6
5.279959193315781E-6
5.269767274786944E-6
5.268880947078419E-6
5.260081686640467E-6
5.257568928008031E-6
5.175947580273312E-6
5.229727776815307E-6
5.132950892003881E-6
5.131715432739383E-6
5.151439127132738E-6
5.2022007562439935E-6
5.184223409211228E-6
5.1719461041355735E-6
5.237717027496918E-6
5.212560328755388E-6
5.186285974314594E-6
5.104649483503221E-6
5.078875764375305E-6
5.104167943725988E-6
5.0545801366523295E-6
5.1431195891105545E-6
5.2612104338758505E-6
5.293103684418462E-6
5.303345236468834E-6
5.315916003545438E-6
5.300316563196719E-6
5.301556147025312E-6
5.2984573645520005E-6
5.37112989210134E-6
5.410580332481298E-6
5.371963500327616E-6
5.43108614580235E-6
5.3274498379751825E-6
5.378044455432635E-6
5.386300874376752E-6
5.4353674968340745E-6
5.550113657675735E-6
5.461484521869949E-6
5.4521409325302305E-6
5.427596589398198E-6
5.390924169697106E-6
5.419463414696177E-6
5.384169623235387E-6
5.355146223154667E-6
5.414699238013383E-6
5.374332632136217E-6
5.382636846168905E-6
5.425116506209179E-6
5.369857440793621E-6
5.339587805247846E-6
5.330543872339656E-6
5.288700953440922E-6
5.322074181044722E-6
5.401341641142945E-6
5.391251716872192E-6
5.313430354624548E-6
5.22593385723704E-6
5.110886957976748E-6
5.125272296407407E-6
5.1331658569445985E-6
5.228602565736625E-6
5.267567562795383E-6
5.29826285604174E-6
5.36854536178465E-6
5.490298541280367E-6
5.454217683169356E-6
5.482795105750426E-6
5.535745877954043E-6
5.574774689401534E-6
5.59196941746777E-6
5.6342200554477E-6
5.709054904006018E-6
5.816670002745939E-6
5.797641525508171E-6
5.83349430452066E-6
5.712922107225452E-6
5.742765279018816E-6
5.660021831346209E-6
5.716620202381606E-6
5.715010809024695E-6
5.707348494145392E-6
5.733721756764111E-6
5.656365237982583E-6
5.675047430916824E-6
5.724291711449636E-6
5.717376278349555E-6
5.746987206580315E-6
5.816528187888508E-6
5.802521281152945E-6
5.720578130463274E-6
5.732346259339379E-6
5.7775407619983945E-6
5.815053923291125E-6
5.813168882341308E-6
5.7926471391227124E-6
5.7447647424136535E-6
5.769900151168191E-6
5.746293405092508E-6
5.729548954068379E-6
5.734754446135376E-6
5.652876141900282E-6
5.635659178823673E-6
5.6325242864368785E-6
5.67543370817799E-6
5.523928055296463E-6
5.5797142536284545E-6
5.564628845997372E-6
5.573463340593049E-6
5.5045774348384405E-6
5.619664568961121E-6
5.612894633589051E-6
5.5863150761257855E-6
5.485627782329986E-6
5.47779626858153E-6
5.5736032385481315E-6
5.5223233418693534E-6
5.5324702663933455E-6
5.4530365116739825E-6
5.5138947322911835E-6
5.433592846049671E-6
5.4985972212963024E-6
5.39532860744489E-6
5.3578549739506005E-6
5.2907461001125545E-6
5.367501785155215E-6
5.384860253619646E-6
5.386907223111499E-6
5.401943175805404E-6
5.396634161116663E-6
5.373935453945433E-6
5.299881547370969E-6
5.275257214188913E-6
5.329689608932523E-6
5.341916422862179E-6
5.263946868820498E-6
5.294525386830936E-6
5.325484526578796E-6
5.286894158898291E-6
5.254273741473689E-6
5.361662201796214E-6
5.3030048637831585E-6
5.235700437098901E-6
5.2579584863409365E-6
5.180220590298233E-6
5.207562591069837E-6
5.124848897472898E-6
5.197005863729791E-6
5.195964860279391E-6
5.137291356935551E-6
5.081515004245232E-6
5.013744820568352E-6
5.027950581690572E-6
5.1554261119310385E-6
5.11978056225561E-6
5.134857996372866E-6
5.110687351933833E-6
5.177672938911782E-6
5.180779485567714E-6
5.141210092330969E-6
5.205529782908973E-6
5.160068179155313E-6
5.1370330932279465E-6
5.119437536459644E-6
5.188555801667537E-6
5.1718874624041965E-6
5.1414558367258125E-6
5.086228726341216E-6
5.0302041107172205E-6
5.077310521280479E-6
5.140891910267214E-6
5.096981584034305E-6
5.063320123685935E-6
5.067790442329526E-6
5.249750212791892E-6
5.301235300458E-6
5.316370357557225E-6
5.3774633244282075E-6
5.349554297838555E-6
5.340302075858732E-6
5.293920040777892E-6
5.318465172270075E-6
5.279824156875932E-6
5.3164279103535315E-6
5.2810975016131615E-6
5.279650411939894E-6
5.316081544983914E-6
5.317325426929421E-6
5.3272207825568655E-6
5.3229132356105356E-6
5.316973521190982E-6
5.3644011147797805E-6
5.382776037434512E-6
5.362449197043992E-6
5.26908110602293E-6
5.241932361921989E-6
5.201811108357005E-6
5.137087304153535E-6
5.17910186254201E-6
5.18801279272112E-6
5.234820412003005E-6
5.191424789446703E-6
5.175298732678199E-6
5.20691520711867E-6
5.143171497730273E-6
5.097473120826028E-6
5.2324770160644236E-6
5.220045901841636E-6
5.180929021642906E-6
5.2118776876054575E-6
5.191699736885137E-6
5.158501825524475E-6
5.153295421941559E-6
5.200650380956491E-6
5.331552051025597E-6
5.352339927311208E-6
5.2506886670703106E-6
5.274056735675181E-6
5.243472684209352E-6
5.307142457234208E-6
5.405738872865998E-6
5.398286081544082E-6
5.396901740608667E-6
5.363786689094526E-6
5.375755730300017E-6
5.38302897428084E-6
5.4384079012527615E-6
5.4243303827158125E-6
5.490816221642772E-6
5.4917947445900144E-6
5.4949748240143784E-6
5.504946612968103E-6
5.433320296334978E-6
5.300052204085809E-6
5.295261139613602E-6
5.284117732428292E-6
5.270701770390101E-6
5.287440386809076E-6
5.253036690315639E-6
5.397176167790715E-6
5.463009313901407E-6
5.3914847162127755E-6
5.247055300251391E-6
5.199235248444639E-6
5.215006607838545E-6
5.221031380326377E-6
5.225588349289631E-6
5.2336231886727525E-6
5.205877905305724E-6
5.199695504234364E-6
5.1710067337454685E-6
5.257371924503014E-6
5.183738242657446E-6
5.231265547146924E-6
5.2056177195674996E-6
5.269680500483043E-6
5.229765489691787E-6
5.210251146253666E-6
5.186004553683245E-6
5.1543703498169184E-6
5.182295601536371E-6
5.088380548217668E-6
5.130543294001544E-6
5.091328914746083E-6
5.084188178714597E-6
5.162111328347425E-6
5.244749271756966E-6
5.129070490785268E-6
5.150614893470949E-6
5.297077788279595E-6
5.4403804962004605E-6
5.456575095590329E-6
5.40727552699538E-6
5.364690088753824E-6
5.360802380555268E-6
5.332292027171374E-6
5.368989669396435E-6
5.4031546502959895E-6
5.4217263566681155E-6
5.373498667632107E-6
5.365852684430448E-6
5.416660823910615E-6
5.552171480718261E-6
5.6349203646536195E-6
5.696938854411088E-6
5.728386739911606E-6
5.663412279153083E-6
5.616241298123801E-6
5.991793535611724E-6
6.025940424738499E-6
6.042029642829499E-6
6.028922384022499E-6
6.0657376052108665E-6
6.029951376922325E-6
5.971304762901976E-6
6.0329536004883E-6
6.069651785502026E-6
6.030448745878475E-6
5.9708988127996425E-6
5.972443375602586E-6
5.922561939161692E-6
5.853143348781764E-6
5.871264197093927E-6
5.778339103796945E-6
5.722067630730261E-6
5.641905221273232E-6
5.608982586583171E-6
5.617961107746931E-6
5.629046783768284E-6
5.624442970958658E-6
5.5666176905709745E-6
5.556858391173193E-6
5.5313091656796076E-6
5.503922850374833E-6
5.502739135507978E-6
5.463082986320446E-6
5.506625968826911E-6
5.484371438585198E-6
5.461393147946748E-6
5.452735683986704E-6
5.512857783419968E-6
5.483785808314344E-6
5.453215938445893E-6
5.458608891221302E-6
5.47918289612398E-6
5.503488213237759E-6
5.510877545394439E-6
5.536422734283589E-6
5.600960449999059E-6
5.5780343709283165E-6
5.577548160215686E-6
5.573596951507793E-6
5.569633435946376E-6
5.560512265429965E-6
5.5944826886127685E-6
5.601273258318375E-6
5.6368070317683476E-6
5.575978339761089E-6
5.701770684870951E-6
5.653776307547453E-6
5.625536044748847E-6
5.61492602361191E-6
5.601521331591256E-6
5.557781203634994E-6
5.549679474067968E-6
5.563638897062504E-6
5.5924837563511944E-6
5.585773552676424E-6
5.602469447369471E-6
5.492049473916135E-6
5.494433391113372E-6
5.419763171946491E-6
5.4450299317985986E-6
5.383340366076328E-6
5.4161952061452E-6
5.404560988071923E-6
5.39240950731633E-6
5.355413538412902E-6
5.326424890857819E-6
5.3190399213081875E-6
5.270259418200533E-6
5.239846722614108E-6
5.260103224432602E-6
5.2616074482428575E-6
5.2434817289096605E-6
5.230623863775944E-6
5.1754179189000805E-6
5.244407830881901E-6
5.186872451246194E-6
5.189629342840318E-6
5.216915608078737E-6
5.22297138017917E-6
5.243857568516338E-6
5.159223557644651E-6
5.181993175472624E-6
5.132025418904941E-6
5.107642923772785E-6
5.085480042099608E-6
5.051638818436873E-6
5.005169566393494E-6
5.028330402625662E-6
5.036188558735207E-6
5.0676761888775916E-6
5.078438713819857E-6
5.110341315141409E-6
5.1209647521603186E-6
5.167283830952044E-6
5.210195533312179E-6
5.202608030361117E-6
5.203375567367523E-6
5.160477118331646E-6
5.191823999815599E-6
5.174537575824797E-6
5.1594097632110874E-6
5.155154497849071E-6
5.1781760837700355E-6
5.188111664226014E-6
5.179229372139219E-6
5.172339378012065E-6
5.1948637027869926E-6
5.165072537059749E-6
5.170544605807837E-6
5.153349466938045E-6
5.174445725792461E-6
5.224845810553361E-6
5.162244021942632E-6
5.226715339940616E-6
5.238056051464362E-6
5.234444104160821E-6
5.230784833299627E-6
5.234645049350428E-6
5.182666289630331E-6
5.1638648892177085E-6
5.200616738192839E-6
5.147523914951935E-6
5.149677239336328E-6
5.151378912350819E-6
5.199222339660809E-6
5.2090009138093805E-6
5.225172491133734E-6
5.168137376592674E-6
5.153552398817605E-6
5.141010663676507E-6
5.159019951477826E-6
5.133486005580551E-6
5.140697985116354E-6
5.110121408313984E-6
5.092921213372499E-6
5.098455449155212E-6
5.063791803087103E-6
5.062255742394865E-6
5.0535202993113185E-6
5.090237119757835E-6
5.075938456687387E-6
5.131049622506055E-6
5.1166474749446996E-6
5.127590943497261E-6
5.137768232465648E-6
5.153707938796754E-6
5.186361372113534E-6
5.143498075426939E-6
5.158926387406218E-6
5.179644375862664E-6
5.145344054043078E-6
5.161683625769809E-6
5.18431896785607E-6
5.171666343749632E-6
5.155514913083063E-6
5.104894638503236E-6
5.115098951339129E-6
5.125451660073055E-6
5.173931271449009E-6
5.170097667431023E-6
5.17147671093706E-6
5.150668582272593E-6
5.12765791610766E-6
5.1202244182191045E-6
5.1109670660273105E-6
5.132929862312898E-6
5.14088901947388E-6
5.094461673105603E-6
5.0639242356856984E-6
5.058698208253185E-6
5.019464233778401E-6
5.0560924097413195E-6
5.039903698348972E-6
5.077495829048589E-6
5.034687879998191E-6
4.98719330565811E-6
4.99286017868232E-6
5.0136298380385084E-6
4.9995689929864035E-6
5.044749611995933E-6
5.044764304012759E-6
5.052716862585796E-6
5.058255962816472E-6
5.0304006388034355E-6
4.9727906944207776E-6
4.9807190714157355E-6
4.976159393404196E-6
4.970494271126295E-6
4.994131815828123E-6
4.960737460886422E-6
4.957143365551321E-6
4.9040427453580446E-6
4.92545916916442E-6
4.913433067581549E-6
4.898910552504234E-6
4.906832284591513E-6
4.874350906884109E-6
4.844949260423607E-6
4.878142835982566E-6
4.858183451820917E-6
4.8773348109741274E-6
4.891244705562889E-6
4.922227891979204E-6
4.9382944203156E-6
4.881649098015952E-6
4.8442017487730625E-6
4.865503437555961E-6
4.875293779231955E-6
4.873664347974961E-6
4.879416655252111E-6
4.873724172795573E-6
4.836388303948425E-6
4.859888589057223E-6
4.884308200870665E-6
4.864307328600459E-6
4.847303440413211E-6
4.844100140800509E-6
4.860994547467879E-6
4.884567214528091E-6
4.891179122588777E-6
4.861587492174762E-6
4.8929172173113256E-6
4.8922876049758794E-6
4.9001506313779405E-6
4.882951357147228E-6
4.912505144052349E-6
4.895754177271537E-6
4.927931368461895E-6
4.95272017849419E-6
4.933759787234607E-6
4.978516584204412E-6
4.973661931345728E-6
4.986978448395529E-6
5.02512551957674E-6
5.023161094100582E-6
5.018084015521493E-6
4.961803960724036E-6
4.949268540573264E-6
4.949434659806939E-6
4.97820432205141E-6
5.062353151057322E-6
5.030134178851102E-6
5.0136195290867385E-6
5.069430325548454E-6
5.083101169490952E-6
5.016389005084565E-6
4.998057146922962E-6
5.0011571736700505E-6
5.025248111265149E-6
4.9968795478940085E-6
5.010842453063638E-6
5.0226674768314395E-6
4.987753579278229E-6
5.004982821632302E-6
5.014876334051243E-6
5.028658672365875E-6
5.038953736530355E-6
5.028568151404511E-6
5.123050480393294E-6
5.113270773142481E-6
5.112962641905685E-6
5.131936249528148E-6
5.110170632360264E-6
5.1228962189172775E-6
5.08237603299402E-6
5.047114531185653E-6
5.053356382508499E-6
5.153785579465E-6
5.196188014361429E-6
5.1894749091967085E-6
5.17501410145786E-6
5.16055248216563E-6
5.209265563626991E-6
5.18702496810099E-6
5.129387725790772E-6
5.117765021062844E-6
5.1142196183992065E-6
5.123071335401495E-6
5.149950011894976E-6
5.144139795497898E-6
5.137166392740553E-6
5.148932549663409E-6
5.1627550200440294E-6
5.14174529193445E-6
5.138844012772372E-6
5.114616064219449E-6
5.115795264093362E-6
5.125162734873637E-6
5.088028846017781E-6
5.164987719368193E-6
5.159933146975037E-6
5.171745764750037E-6
5.192484323809328E-6
5.175864719133727E-6
5.1912110932015E-6
5.204073810071217E-6
5.189203151324444E-6
5.232292182329771E-6
5.223996082762194E-6
5.2613624877243564E-6
5.271289310381961E-6
5.311280758793324E-6
5.323036209306336E-6
5.33768818608502E-6
5.27708970507826E-6
5.302642491127839E-6
5.353909741599869E-6
5.35164943586618E-6
5.361146117580355E-6
5.350280526400755E-6
5.354549592712498E-6
5.345527493075372E-6
5.307714354988894E-6
5.3035566983073025E-6
5.234827079604274E-6
5.233562716735455E-6
5.208994118617145E-6
5.213617973585789E-6
5.227134224866306E-6
5.228434832228714E-6
5.182243377047505E-6
5.202598455165602E-6
5.1922368828643435E-6
5.21082755373844E-6
5.208457595899742E-6
5.174807780901498E-6
5.2120790369972435E-6
5.139216163747876E-6
5.154715887785037E-6
5.1107562757539425E-6
5.079056668101369E-6
5.105955740582811E-6
5.079847257954826E-6
5.112252528401954E-6
5.163926718874527E-6
5.222561513409075E-6
5.225219896186929E-6
5.22922267245053E-6
5.215256311158065E-6
5.208426768798778E-6
5.2341172048461314E-6
5.2430559415422E-6
5.226491609709962E-6
5.2500270737407625E-6
5.236198423013887E-6
5.264027563517094E-6
5.2016622312060946E-6
5.149003122247866E-6
5.16351999353675E-6
5.2069249671030955E-6
5.180245665966643E-6
5.2123355835857005E-6
5.291093129229772E-6
5.266759564664586E-6
5.246929414375908E-6
5.244717897398052E-6
5.222079873829101E-6
5.212091922375131E-6
5.26881470621755E-6
5.304939463985002E-6
5.328653995058423E-6
5.354198026849506E-6
5.393285461382928E-6
5.416462159575356E-6
5.417073900364905E-6
5.4564524680223635E-6
5.46508014498726E-6
5.4760757454128426E-6
5.505798053000358E-6
5.4734108063802166E-6
5.507533625605036E-6
5.556940961592154E-6
5.608593227119005E-6
5.620649159128175E-6
5.590715665045465E-6
5.6205014822941355E-6
5.60938384114556E-6
5.568757463730534E-6
5.581255061185974E-6
5.538905944724503E-6
5.54327464643605E-6
5.5627332676062255E-6
5.550053886653329E-6
5.54829220367907E-6
5.477556019425433E-6
5.450443690370844E-6
5.41218621532135E-6
5.3600357186755356E-6
5.3257404607053924E-6
5.297523974750388E-6
5.283660774455427E-6
5.313879622297562E-6
5.240867741900643E-6
5.245784275335015E-6
5.2192126999462895E-6
5.2747279479199256E-6
5.257253124074274E-6
5.264079548442525E-6
5.29445781175601E-6
5.294993715374901E-6
5.248440969110918E-6
5.296705493474916E-6
5.296879920222222E-6
5.298415312002664E-6
5.312908070689384E-6
5.294636554581896E-6
5.3133681258319635E-6
5.400147401427778E-6
5.378302357848411E-6
5.383092331536985E-6
5.384579807157389E-6
5.415889114176491E-6
5.457717484042126E-6
5.437330473038458E-6
5.372793042209542E-6
5.393191196382747E-6
5.405929007006953E-6
5.44246380473669E-6
5.475271952149632E-6
5.443157998149322E-6
5.404781917304786E-6
5.413045480503631E-6
5.4518347689500906E-6
5.465206113352856E-6
5.418750412091549E-6
5.399860873491212E-6
5.387622866896509E-6
5.35489885167565E-6
5.319341909873264E-6
5.30508308344076E-6
5.292449874818643E-6
5.262802082347422E-6
5.265089206431426E-6
5.25222156834326E-6
5.239293860156042E-6
5.250537611037572E-6
5.240269446226982E-6
5.211256021475547E-6
5.200257102437218E-6
5.200392942525628E-6
5.178353954161204E-6
5.174956406516442E-6
5.147595647924236E-6
5.1799456229437275E-6
5.194836594085685E-6
5.18222372199714E-6
5.196888184390365E-6
5.209381415709745E-6
5.2506799141944866E-6
5.247849783731099E-6
5.154838104019005E-6
5.186086238728083E-6
5.184380111115219E-6
5.218365537350205E-6
5.2409761116998285E-6
5.230943481083717E-6
5.269322456111865E-6
5.306312836921724E-6
5.3832801312557995E-6
5.437432615145794E-6
5.459203113357515E-6
5.4371008619945595E-6
5.446870292295609E-6
5.539092006856333E-6
5.547590637696654E-6
5.496952069319806E-6
5.46923668728757E-6
5.391268925760912E-6
5.391744571042538E-6
5.377947524139556E-6
5.351503663369038E-6
5.309235218558266E-6
5.3415954475318545E-6
5.3458706330434405E-6
5.346674357866727E-6
5.316744707304675E-6
5.332046371387664E-6
5.330154159445669E-6
5.26853646561093E-6
5.241703928088962E-6
5.236215166117101E-6
5.252414457641104E-6
5.284639073618394E-6
5.273250363062684E-6
5.292176464748523E-6
5.4291187659565946E-6
5.437842683844522E-6
5.494918746468899E-6
5.538529204415451E-6
5.5425097161628454E-6
5.5617558489724495E-6
5.606394220008402E-6
5.596970270508403E-6
5.584334436485815E-6
5.5648462085958855E-6
5.533442219223772E-6
5.554723575056614E-6
5.456558480889332E-6
5.508739371176978E-6
5.496893799863568E-6
5.5347161193255404E-6
5.479499719691194E-6
5.474556448648407E-6
5.452074882688482E-6
5.500386599148674E-6
5.475376779938786E-6
5.492971206595265E-6
5.526312756443909E-6
5.606389115052922E-6
5.607505789044127E-6
5.641025416702499E-6
5.683547027462646E-6
5.6935693244678494E-6
5.678887061194031E-6
5.665665799663699E-6
5.608407006050424E-6
5.594189182874107E-6
5.573174672509814E-6
5.546597221462079E-6
5.507884319249811E-6
5.530969035381036E-6
5.588273073703817E-6
5.584683408124946E-6
5.561094639231933E-6
5.555254067483148E-6
5.4465621746712066E-6
5.49197754887306E-6
5.451496125767286E-6
5.44926466835285E-6
5.4802693417788175E-6
5.5163018681457596E-6
5.46091649989402E-6
5.4662714555461634E-6
5.45569854593193E-6
5.378648402895559E-6
5.425434399004938E-6
5.4460556320501395E-6
5.457828997550764E-6
5.442941608416785E-6
5.413402582185046E-6
5.372306629832841E-6
5.344577157262481E-6
5.354537862329158E-6
5.34013482755281E-6
5.375634824782943E-6
5.370658293612128E-6
5.3143356670712905E-6
5.347925813702069E-6
5.364224824097388E-6
5.350346015043451E-6
5.445108284085012E-6
5.378265450587336E-6
5.4027626655556415E-6
5.4303113630405095E-6
5.467093969327803E-6
5.449093134955221E-6
5.486465897588795E-6
5.472990015389493E-6
5.501559698212371E-6
5.547192565188125E-6
5.518735545925634E-6
5.4813834562189045E-6
5.4672477793009065E-6
5.484793814510989E-6
5.515863470597484E-6
5.498760444594462E-6
5.561753342281785E-6
5.541944535296716E-6
5.52538131124749E-6
5.569693060769455E-6
5.5991780072952774E-6
5.645945867173838E-6
5.667848526797476E-6
5.644106194161703E-6
5.64599786814511E-6
5.637486793909476E-6
5.618935083637676E-6
5.673867465084615E-6
5.553914681367914E-6
5.57514295015052E-6
5.532206745299479E-6
5.588018458738918E-6
5.562076319398109E-6
5.5438256544828844E-6
5.54773515624913E-6
5.5847759311281895E-6
5.579822518836225E-6
5.516403030295378E-6
5.591329556608688E-6
5.601688877018989E-6
5.648965893664324E-6
5.6526738611787714E-6
5.590382165343432E-6
5.528471795611329E-6
5.53775951859172E-6
5.585303048164097E-6
5.533660840082047E-6
5.519580754688729E-6
5.5758102629477945E-6
5.578746223288013E-6
5.576243075613468E-6
5.569839687580352E-6
5.509549177066869E-6
5.504499666224496E-6
5.4126822293283046E-6
5.459682803300581E-6
5.427146339805855E-6
5.4818550185669235E-6
5.49919696610041E-6
5.495386365422315E-6
5.48869607689114E-6
5.5036878258072085E-6
5.5656436504354786E-6
5.612754189400105E-6
5.609382457314916E-6
5.647676213436139E-6
5.673599131836079E-6
5.7598969250757725E-6
5.759562288000103E-6
5.7891772139185105E-6
5.816074356388624E-6
5.853284248750612E-6
5.812565456120427E-6
5.812327940508437E-6
5.811346660093682E-6
5.795333702759655E-6
5.747816639526154E-6
5.767717842957276E-6
5.841625979823952E-6
5.799145402932655E-6
5.74423748746696E-6
5.739205613649608E-6
5.668311260764573E-6
5.723893067138031E-6
5.777852517255041E-6
5.754191511330486E-6
5.742152416428696E-6
5.761306798562075E-6
5.778066708996515E-6
5.762029148143007E-6
5.775689781919579E-6
5.755680811447919E-6
5.692781421650625E-6
5.744026297216003E-6
5.715555286454682E-6
5.631468088523528E-6
5.650630241006246E-6
5.661775068297119E-6
5.671193766151795E-6
5.7773520554563544E-6
5.768951294259323E-6
5.81670872678904E-6
5.744932527968019E-6
5.741338303281725E-6
5.694522504490956E-6
5.7083319881275204E-6
5.750351318406028E-6
5.78273067390227E-6
5.8100497672422074E-6
5.8182436736428285E-6
5.792991828279147E-6
5.733802792787858E-6
5.7008973387613685E-6
5.638237211016675E-6
5.688537521169771E-6
5.7338781107138005E-6
5.797113836531544E-6
5.779546101124275E-6
5.733980707094532E-6
5.713596007681665E-6
5.711040882772494E-6
5.683092001807238E-6
5.661074251839567E-6
5.661629865596893E-6
5.694579217307969E-6
5.689935773745365E-6
5.6594009955336035E-6
5.714477984834248E-6
5.645266686554064E-6
5.683796760921838E-6
5.661263138309704E-6
5.769028853881423E-6
5.830476456882818E-6
5.840158962404336E-6
5.843108570759525E-6
5.846846306336772E-6
5.910926543083378E-6
5.9467877889824885E-6
5.949904316480757E-6
5.964324212174112E-6
5.939205130851544E-6
5.9578225276449995E-6
5.969365872717559E-6
5.99924390525706E-6
6.025321713020197E-6
5.907153337018808E-6
5.8761776658066536E-6
5.780803017126403E-6
5.819425838008027E-6
5.8157524898831185E-6
5.816360846031377E-6
5.793115204064499E-6
5.7243452436591774E-6
5.702269495249513E-6
5.737871865007578E-6
5.7117837563765985E-6
5.74938255115943E-6
5.773201084859258E-6
5.775945646051396E-6
5.830185842807746E-6
5.8570678343271404E-6
5.8147806388148974E-6
5.816512371363019E-6
5.849136216660157E-6
5.800019393118604E-6
5.780518214294829E-6
5.748049011938173E-6
5.772020622974926E-6
5.748490065465689E-6
5.750819322122886E-6
5.770976582762762E-6
5.817566116328025E-6
5.876462645683774E-6
5.887102665951981E-6
5.966022418002827E-6
5.964553155417565E-6
6.002612326408146E-6
5.970337012197315E-6
5.919933011206399E-6
5.907580390320218E-6
5.8580776460363024E-6
5.760476761029082E-6
5.765309005232508E-6
5.795805256241422E-6
5.750309914661672E-6
5.753666139447789E-6
5.7501167370351504E-6
5.705550718541546E-6
5.664780312798198E-6
5.667090812377139E-6
5.634454811202759E-6
5.6740083577409784E-6
5.6555593854987195E-6
5.637717037005482E-6
5.6430220696777385E-6
5.699329586152866E-6
5.818991987231031E-6
5.820523115286761E-6
5.801584829704193E-6
5.805995473402196E-6
5.761743017596689E-6
5.740635482501563E-6
5.765659191286612E-6
5.769429144900621E-6
5.820522100067635E-6
5.806042951389041E-6
5.793822200391841E-6
5.7803973377663155E-6
5.885659192479624E-6
5.961151464955773E-6
6.011083525320369E-6
6.04191484618087E-6
6.028776211688329E-6
6.012876350088753E-6
5.9640361432032205E-6
6.017896017762485E-6
6.005863186988769E-6
6.005508592488188E-6
6.011725188044869E-6
5.934982999700817E-6
5.922982148273911E-6
5.973667868753269E-6
5.898472065675601E-6
5.864040840329362E-6
5.897669943203153E-6
5.8923342391174645E-6
5.974122602843169E-6
5.947740844619847E-6
5.975369686634627E-6
5.9764019141577286E-6
5.927583762967134E-6
5.897611117353812E-6
5.819560288862797E-6
5.842545152326762E-6
5.867474576732266E-6
5.898213219660498E-6
5.886279037016171E-6
5.908416753543121E-6
5.9197213870479345E-6
5.92351495967852E-6
5.90273275408335E-6
5.88729315692826E-6
5.8795034407862685E-6
5.752709555776642E-6
5.725685999066748E-6
5.714206728433808E-6
5.637688600525953E-6
5.646946126785996E-6
5.641009898559464E-6
5.6375073195579345E-6
5.553240014054972E-6
5.581777766548942E-6
5.565085212499521E-6
5.585879107984445E-6
5.539965295479203E-6
5.549534508114995E-6
5.65911243638937E-6
5.704982953560071E-6
5.66375184364766E-6
5.699092090497331E-6
5.689917017792866E-6
5.6237211320127835E-6
5.588713770692587E-6
5.562928457152491E-6
5.603585148983833E-6
5.548503595829842E-6
5.581495811766643E-6
5.567961208651104E-6
5.542721509185173E-6
5.478947921522265E-6
5.502918857963559E-6
5.462292049673441E-6
5.443787416597819E-6
5.436503453609479E-6
5.429559899772735E-6
5.41381298636902E-6
5.371724464077328E-6
5.326091189409466E-6
5.334669978051687E-6
5.350563658628596E-6
5.319154506647449E-6
5.31075182315711E-6
5.2927904107553485E-6
5.3445452048407915E-6
5.395465190217614E-6
5.374945708801374E-6
5.368670172719466E-6
5.358014885380742E-6
5.378546529584278E-6
5.3918624612058325E-6
5.404972037454722E-6
5.452082766560895E-6
5.468973547070297E-6
5.486393486293846E-6
5.44734087645723E-6
5.442022452882708E-6
5.372795102722031E-6
5.405777767516518E-6
5.3862133126515515E-6
5.366932959295025E-6
5.352495452959056E-6
5.332275882672104E-6
5.367418340170898E-6
5.347957352553096E-6
5.388898597828021E-6
5.416191937401478E-6
5.450748673547695E-6
5.396209529809617E-6
5.380732306261367E-6
5.382914853212297E-6
5.382835660550991E-6
5.419219807445998E-6
5.418347982629547E-6
5.422151828456567E-6
5.353975607864761E-6
5.356547083759227E-6
5.286381953848094E-6
5.302541028248955E-6
5.3210826843902866E-6
5.284016233706445E-6
5.3185953891961494E-6
5.289826583668211E-6
5.30507467942585E-6
5.222108544623408E-6
5.209831693488526E-6
5.171860301672501E-6
5.154700849066465E-6
5.158731151939053E-6
5.1655208757121755E-6
5.222825087824774E-6
5.20052903650642E-6
5.231172351274533E-6
5.269415302968912E-6
5.267807909388376E-6
5.259231683192378E-6
5.2702197183980315E-6
5.2140921952144555E-6
5.202204061377278E-6
5.222899076631928E-6
5.259268766331421E-6
5.23613859708472E-6
5.239304336401145E-6
5.237826416102321E-6
5.1846287902733205E-6
5.156639399168191E-6
5.18263014448318E-6
5.211769253258413E-6
5.227188197366954E-6
5.275684184908257E-6
5.287860838392902E-6
5.2293865950058945E-6
5.18006929914442E-6
5.1949017007172606E-6
5.106995380984305E-6
5.126675226827253E-6
5.051741586073433E-6
5.055723864637536E-6
5.0853422046799096E-6
4.9954255597037265E-6
5.010031734612811E-6
5.000691476073493E-6
5.002057627134159E-6
4.971443970612786E-6
4.9442407781940946E-6
4.900748985208624E-6
4.905660294704316E-6
4.850031444714558E-6
4.896856945608437E-6
4.89688564718475E-6
4.902032101869801E-6
4.93104543128967E-6
4.917714952492576E-6
4.930681635786318E-6
4.914077206244874E-6
4.914727766826227E-6
4.929717510977234E-6
4.907768353829029E-6
4.928086910762664E-6
4.909692988224274E-6
4.92602524266713E-6
4.8654112745108905E-6
4.822837371663921E-6
4.7792196185933454E-6
4.7388540333225324E-6
4.752786320415409E-6
4.749823139899329E-6
4.763241605938626E-6
4.78967522981398E-6
4.768215929305443E-6
4.77003454187898E-6
4.762270246373419E-6
4.752804906530528E-6
4.767152083510462E-6
4.760814039253954E-6
4.756496566600516E-6
4.849629112132374E-6
4.82646964330531E-6
4.847464760576014E-6
4.873489200063899E-6
4.855360858218116E-6
4.861510222626756E-6
4.8520564443077665E-6
4.864391050022512E-6
4.864609263290566E-6
4.9254986518393715E-6
4.937990860667672E-6
4.9264795270213E-6
4.867098402636486E-6
4.808421502050964E-6
4.812299375113128E-6
4.813444705756762E-6
4.788349871092983E-6
4.826424503961394E-6
4.8219411187306504E-6
4.844676326160014E-6
4.838072332062233E-6
4.841153061639425E-6
4.814224883356551E-6
4.7606902873227314E-6
4.7455700663300815E-6
4.757768113499902E-6
4.777776290683617E-6
4.806023100694713E-6
4.8774259637769074E-6
4.882343524311219E-6
4.869310051508919E-6
4.836349661475504E-6
4.871439949758026E-6
4.860720173902582E-6
4.914450265852614E-6
4.915147856249939E-6
4.882709378134084E-6
4.919116582251611E-6
4.92964580748448E-6
4.954040927117755E-6
4.981880634876062E-6
4.981178757577753E-6
4.992663455858344E-6
5.002293687023399E-6
5.005533470560826E-6
4.961638004914884E-6
4.983947400601513E-6
5.053131850954943E-6
5.048775374247256E-6
5.06597447839832E-6
5.071976763181498E-6
5.054873068358303E-6
5.037018405053397E-6
5.0285712973664815E-6
5.039979519091318E-6
5.001473817453174E-6
4.968681261409108E-6
4.977978895325422E-6
4.980246827808383E-6
4.959753092526772E-6
5.0080189366005026E-6
4.976291201920316E-6
4.95521753269416E-6
4.9008898909435595E-6
4.815841055965769E-6
4.797399435780756E-6
4.825099217430533E-6
4.764600294535285E-6
4.7685918135140815E-6
4.719491829277649E-6
4.710599131077709E-6
4.762135823393503E-6
4.741931070025937E-6
4.730659404173463E-6
4.727009021288271E-6
4.7351375314211E-6
4.797447518046329E-6
4.809886603262165E-6
4.7998808606218704E-6
4.766566553936838E-6
4.803359729366902E-6
4.848184769221524E-6
4.888975676998375E-6
4.880122005593528E-6
4.881771132365197E-6
4.887111611883263E-6
4.964921132882655E-6
4.966241880717099E-6
5.008908967424949E-6
4.974889520292615E-6
4.944353082960511E-6
4.906469429780533E-6
4.907033685754575E-6
4.912561644227561E-6
4.8690572677180084E-6
4.86431650867351E-6
4.868431095742784E-6
4.880471488197624E-6
4.9151121579537385E-6
4.899271548268535E-6
4.850689082320531E-6
4.827396249241141E-6
4.871284514190444E-6
4.8217291060538114E-6
4.8606668062699096E-6
4.86287738746044E-6
4.850354112966523E-6
4.877304757300204E-6
4.9471286856086815E-6
4.859738160961987E-6
4.853342628082234E-6
4.85110041003489E-6
4.860031523680364E-6
4.873118636174617E-6
4.901704107213566E-6
4.842136193240573E-6
4.864069757925283E-6
4.87414453567053E-6
4.892297802284457E-6
4.9091060554762356E-6
4.925794679578347E-6
4.8832591558069815E-6
4.882934647782003E-6
4.867281607405483E-6
4.866231198983292E-6
4.837024976861922E-6
4.928107682789871E-6
4.881780615317663E-6
4.9129640152836415E-6
4.8716134721225655E-6
4.940366381914577E-6
4.9425887004335055E-6
4.997227740960315E-6
5.03527329282305E-6
5.062729962380556E-6
5.050895616656636E-6
5.047424177356598E-6
5.046387736283697E-6
5.052920897932611E-6
4.980398904841984E-6
5.0635506152508355E-6
5.068666594986902E-6
5.039433184879751E-6
5.030782256103367E-6
5.0661923925780655E-6
5.044744775488598E-6
5.0818155241295446E-6
5.149234897657056E-6
5.209667139516616E-6
5.188720202542119E-6
5.1232462391514885E-6
5.069263900509742E-6
5.103493143216511E-6
5.046360352015081E-6
5.128473641553379E-6
5.085749834084207E-6
5.0522488913576665E-6
5.032810208839898E-6
5.032795776458407E-6
4.984506422562884E-6
4.933444296006399E-6
4.896425559733832E-6
4.920827635706606E-6
4.9122452370083744E-6
4.861565733959648E-6
4.911047187738616E-6
4.8991838436238105E-6
4.90291877512662E-6
4.978893642155695E-6
4.934901079407331E-6
4.928716620426508E-6
4.915951485952999E-6
4.821555548165638E-6
4.835140014406882E-6
4.823375870319772E-6
4.817825172331329E-6
4.789908198369813E-6
4.758287890475243E-6
4.768540137103002E-6
4.7203085256544895E-6
4.708312064681259E-6
4.716695644166369E-6
4.700934915153806E-6
4.724790400031298E-6
4.744810870332327E-6
4.7626611645657395E-6
4.7881242761722165E-6
4.7831987112832075E-6
4.81966889113948E-6
4.824830398233123E-6
4.868479346376974E-6
4.848516976050395E-6
4.871483070899783E-6
4.849061545629252E-6
4.947734752372001E-6
4.921161094346824E-6
4.976485964334335E-6
4.9905608339781755E-6
4.976250111161332E-6
4.91691005739357E-6
4.926531263191467E-6
4.935020597383275E-6
4.927701537256029E-6
4.8711987141464785E-6
4.883400715221655E-6
4.880289080012385E-6
4.852098196134818E-6
4.893542409282498E-6
4.940579595965462E-6
4.9777331929998884E-6
4.994865614387229E-6
4.992122972321421E-6
5.03222011399376E-6
5.0421783293609405E-6
5.105420646940289E-6
5.122687286727166E-6
5.156373607259796E-6
5.211024261475225E-6
5.188330617128055E-6
5.1155995920830516E-6
5.104676892670818E-6
5.125935685130107E-6
5.121232794131772E-6
5.074278276941239E-6
5.108998302355135E-6
5.08888197245506E-6
5.1281161887615994E-6
5.12490587663741E-6
5.080471744916156E-6
5.010331414219339E-6
4.999369286973102E-6
5.122999003350718E-6
5.108215602018623E-6
5.0812868505741176E-6
5.0546271984651545E-6
5.045051452269533E-6
5.0707969643070285E-6
5.069942086569608E-6
4.96176669233903E-6
5.0088807821810876E-6
4.990507482555232E-6
4.991498052745666E-6
4.971266968967493E-6
4.9347172386711716E-6
4.9566120577705545E-6
4.889504802721388E-6
4.8687198149266995E-6
4.830290423776092E-6
4.890271513198247E-6
4.791346888117091E-6
4.740651212335912E-6
4.769194969021415E-6
4.750649659076347E-6
4.773808511147426E-6
4.72026568650995E-6
4.752328006383014E-6
4.7375286764048125E-6
4.616988081430677E-6
4.641422744145353E-6
4.653377321131332E-6
4.652065886501825E-6
4.619249905505964E-6
4.57539585918601E-6
4.658395733920513E-6
4.6489575685681364E-6
4.6609410455152165E-6
4.64567992401598E-6
4.709033789305958E-6
4.70495608732449E-6
4.687131655920767E-6
4.728509216559285E-6
4.729021849195784E-6
4.6822533743752116E-6
4.652725291307055E-6
4.67535923700916E-6
4.725756728568016E-6
4.725896982053696E-6
4.7559935115919555E-6
4.783806084529515E-6
4.7299915843474635E-6
4.768417830895335E-6
4.7187470413185175E-6
4.728860635782474E-6
4.745024357769162E-6
4.790390724232454E-6
4.746216200191375E-6
4.764960270288887E-6
4.7925922992971525E-6
4.77917599649465E-6
4.805214987960905E-6
4.819512946618461E-6
4.829478903222935E-6
4.8462304155616084E-6
4.879899358257365E-6
4.831389728972722E-6
4.842353062671448E-6
4.824984200067617E-6
4.877188835004225E-6
4.838848372812117E-6
4.879740007705638E-6
4.973659752227153E-6
4.955696140614843E-6
4.9083559885986205E-6
4.8776372568905045E-6
4.818089119704291E-6
4.851844876213424E-6
4.862825507246108E-6
4.856087115720074E-6
4.844124870834527E-6
4.878277813726654E-6
4.840196322948407E-6
4.85858088703407E-6
4.908862895389427E-6
4.837144095747159E-6
4.864575770200302E-6
4.9428155597658064E-6
4.938436451529781E-6
4.952024805656335E-6
5.099941955205889E-6
5.1401020221308506E-6
5.205379543228938E-6
5.099014762908547E-6
5.201068035503792E-6
5.19510828352243E-6
5.1647697246727415E-6
5.0406620485751695E-6
5.09915980937873E-6
5.1167148441316405E-6
5.1690931398295375E-6
5.192645662323356E-6
5.2227849821017364E-6
5.1741412118535736E-6
5.179953204663608E-6
5.172797808038199E-6
5.18663174054332E-6
5.284624602901742E-6
5.3486262523772395E-6
5.446164240596249E-6
5.446034265014756E-6
5.464961060828417E-6
5.418960666064489E-6
5.469588957652626E-6
5.443952719718675E-6
5.442574608992467E-6
5.408014446553373E-6
5.4053541104306414E-6
5.456241241342349E-6
5.50652283141047E-6
5.476137776285804E-6
5.51574585364459E-6
5.473715896973133E-6
5.4988838776476006E-6
5.4359055530775205E-6
5.460420285500169E-6
5.467339638748044E-6
5.443922545997144E-6
5.397492734159011E-6
5.450189984355716E-6
5.424354729321858E-6
5.374528131554058E-6
5.337543347592009E-6
5.355411907616105E-6
5.325121630457176E-6
5.319505947849549E-6
5.306345511306217E-6
5.352618117140404E-6
5.319509946657614E-6
5.356923052607474E-6
5.6023599091570925E-6
5.511425609707781E-6
5.489956284525541E-6
5.467638926664259E-6
5.464027128886098E-6
5.5785964933224995E-6
5.616143093516946E-6
5.6701362685092066E-6
5.7722698018680205E-6
5.648999684293727E-6
5.580656570034344E-6
5.616507190254192E-6
5.608813794151025E-6
5.587987429026921E-6
5.547901714951988E-6
5.397125909640459E-6
5.327614154551753E-6
5.356916198855284E-6
5.416477893770211E-6
5.44790830076764E-6
5.4691596841995524E-6
5.4656489916508535E-6
5.465087055730543E-6
5.4648235589584795E-6
5.443638388647017E-6
5.447955672942641E-6
5.500995519403906E-6
5.558171234889505E-6
5.562004016039577E-6
5.543085244961094E-6
5.4823423439224765E-6
5.51003368747885E-6
5.443348384339831E-6
5.460069089655025E-6
5.476429632035269E-6
5.500544317766552E-6
5.424889507989084E-6
5.531705448886562E-6
5.774499768867178E-6
5.802720147224062E-6
5.822425411683662E-6
5.7901248582272505E-6
5.770334229307074E-6
5.890786677002587E-6
5.995168976419052E-6
5.948299493684925E-6
6.00169465317881E-6
5.981888123425824E-6
5.955649979169043E-6
5.973186729209867E-6
5.908080647591816E-6
5.9041173649048885E-6
5.9466310632982035E-6
6.0552455856489515E-6
6.020656758024212E-6
6.101609810945538E-6
6.14860985499216E-6
6.179949984142242E-6
6.156130348332041E-6
6.126629296232919E-6
6.098732799472512E-6
5.951403390232372E-6
6.010550837489806E-6
5.9874691841692294E-6
6.033858630085998E-6
6.013675454952932E-6
5.946214985095964E-6
5.931909137742629E-6
5.9968005831668325E-6
5.920100383097748E-6
5.8352190989900766E-6
5.70382180319535E-6
5.6733266204787896E-6
5.679110559422082E-6
5.551917441098988E-6
5.53581369558851E-6
5.576818934180903E-6
5.618485594314815E-6
5.53984729074349E-6
5.626890709719401E-6
5.589748274957088E-6
5.589561509993619E-6
5.5431485454063934E-6
5.523442274671887E-6
5.493656205454866E-6
5.4574348281646E-6
5.509247625568993E-6
5.470521421704504E-6
5.287277731713837E-6
5.272703162605995E-6
5.29970096928664E-6
5.22959714689816E-6
5.218159273686318E-6
5.284265470019434E-6
5.347267501223745E-6
5.301444351101585E-6
5.324125529384919E-6
5.440914530543229E-6
5.416612320042253E-6
5.377516575649748E-6
5.389591477984019E-6
5.288769419681676E-6
5.304447998541784E-6
5.324160904641806E-6
5.408645525461216E-6
5.388029526769901E-6
5.504587875447109E-6
5.494506762773149E-6
5.479637105257938E-6
5.470435590069029E-6
5.559646815407294E-6
5.531705836892287E-6
5.505771009132442E-6
5.413337968004414E-6
5.429267411516514E-6
5.406966791897313E-6
5.414624669507813E-6
5.36901666447633E-6
5.3648351113326195E-6
5.414161682139636E-6
5.461109218210308E-6
5.416381950361756E-6
5.445424872311676E-6
5.490798293751018E-6
5.498247460068074E-6
5.549539766266565E-6
5.53076025854831E-6
5.468959428682371E-6
5.452229559061702E-6
5.386657806492853E-6
5.35020085943725E-6
5.353819953205173E-6
5.327404527364666E-6
5.3923462490869365E-6
5.376034799270516E-6
5.38677931178725E-6
5.328522904730478E-6
5.371668981968021E-6
5.375375166447943E-6
5.347880580739391E-6
5.453993327773428E-6
5.407277747287203E-6
5.395802818129502E-6
5.4376226432786E-6
5.39835698188378E-6
5.439809568121414E-6
5.551869515774428E-6
5.477404073016401E-6
5.514757882048167E-6
5.4972623357297775E-6
5.525350469374622E-6
5.627683285338789E-6
5.693217884197931E-6
5.709687538367094E-6
5.668601740573219E-6
5.692504800262745E-6
5.667987404271027E-6
5.674720560037132E-6
5.7147282012908176E-6
5.7396110816654654E-6
5.7449537432671776E-6
5.759259351928538E-6
5.818667490147831E-6
5.830019388792348E-6
5.901999231208243E-6
5.795217573470177E-6
5.768298038952323E-6
5.757291262277357E-6
5.7213955555414066E-6
5.685758188973693E-6
5.665883080562245E-6
5.577899921749844E-6
5.542325007666471E-6
5.548175630988104E-6
5.597880517786773E-6
5.517703462027582E-6
5.517585672268739E-6
5.528050080551675E-6
5.556871010149535E-6
5.483882699084918E-6
5.439743470166339E-6
5.4343130720058435E-6
5.4642343904501935E-6
5.5385403177075826E-6
5.514884768630746E-6
5.58412701654811E-6
5.573850053961204E-6
5.575216886687695E-6
5.587659794504632E-6
5.606372977196796E-6
5.536608892665269E-6
5.6840275215487345E-6
5.717124480280575E-6
5.659533126044792E-6
5.6730140669140355E-6
5.659492412212169E-6
5.5988398612330325E-6
5.571994635171607E-6
5.643749063248559E-6
5.609789989444801E-6
5.603883157558394E-6
5.595844950222061E-6
5.489987262459027E-6
5.4766526774077995E-6
5.475812219708402E-6
5.498657974682641E-6
5.502499047184264E-6
5.464561555840636E-6
5.462719971904197E-6
5.472218367897522E-6
5.509223974633223E-6
5.417142971632586E-6
5.410944672595268E-6
5.4735986100738065E-6
5.485860551694927E-6
5.464205948779967E-6
5.392291690377139E-6
5.4444577724651725E-6
5.440995895629067E-6
5.445100723972816E-6
5.2936925225077975E-6
5.230460950654143E-6
5.263005321480062E-6
5.266792454855665E-6
5.248548464274711E-6
5.183547611371754E-6
5.183436513800026E-6
5.168597943742549E-6
5.162903517927375E-6
5.184131945112768E-6
5.176403779859899E-6
5.207845675688295E-6
5.186286724033724E-6
5.175729466547023E-6
5.157249532674575E-6
5.209879833222746E-6
5.193940590636716E-6
5.1906046939641445E-6
5.194920466326783E-6
5.279183155809742E-6
5.304924792851078E-6
5.248411178602968E-6
5.231286264363907E-6
5.260976809280005E-6
5.2822704220014974E-6
5.2582590628893415E-6
5.267323721268688E-6
5.301793418157305E-6
5.341364624112489E-6
5.405792572828837E-6
5.367245131109974E-6
5.373043537739424E-6
5.3789211715290704E-6
5.38826935704407E-6
5.377028432160314E-6
5.433330034010409E-6
5.437170136425758E-6
5.4534525792498675E-6
5.442694477793775E-6
5.411788525226642E-6
5.441541267251806E-6
5.396047436411381E-6
5.431611880510913E-6
5.402056132053593E-6
5.409503809498544E-6
5.494718223555466E-6
5.494565584182303E-6
5.436271052346531E-6
5.471715232357844E-6
5.415046778724744E-6
5.427545666923884E-6
5.42239496130044E-6
5.38977405566998E-6
5.4159211929978615E-6
5.3651170136350895E-6
5.355647000772833E-6
5.378228781259329E-6
5.42352940184444E-6
5.418617427727865E-6
5.437984043039041E-6
5.506001635059405E-6
5.459040494274727E-6
5.478666483613444E-6
5.487502069255222E-6
5.474254984381431E-6
5.474238530973518E-6
5.473787306854643E-6
5.4131441305731945E-6
5.4570993099121695E-6
5.502979653537072E-6
5.439221346366135E-6
5.464585102374399E-6
5.426408253260184E-6
5.414206199042635E-6
5.360623832429814E-6
5.384672565488353E-6
5.364019558980832E-6
5.463138369982134E-6
5.434430255990958E-6
5.4007730407960675E-6
5.406788542102237E-6
5.375785782338452E-6
5.38773371877334E-6
5.387285671097074E-6
5.402636342824031E-6
5.385588303367379E-6
5.3211300996530715E-6
5.352242267052128E-6
5.387548695681797E-6
5.315707912072008E-6
5.356121138272811E-6
5.369725376131204E-6
5.3252141659400066E-6
5.215376704266966E-6
5.240339529692821E-6
5.238053085524293E-6
5.232910657098261E-6
5.213348288901835E-6
5.2619947705120594E-6
5.2277189103935156E-6
5.2351881676094184E-6
5.232046217669328E-6
5.194912015880176E-6
5.212660361254425E-6
5.194108959564817E-6
5.1639180878184675E-6
5.160576631491923E-6
5.164180527354605E-6
5.175407042561634E-6
5.176169366734327E-6
5.208045121341081E-6
5.261483228926177E-6
5.239056678823195E-6
5.19621762205983E-6
5.221732715186305E-6
5.2333398219014996E-6
5.178675576108353E-6
5.142445037818315E-6
5.12309348295065E-6
5.148687651254853E-6
5.2153391801476684E-6
5.217021954168308E-6
5.2353078009982775E-6
5.27092446476465E-6
5.28486505611246E-6
5.2777509656708226E-6
5.260105061186151E-6
5.305965218469542E-6
5.310833226978303E-6
5.313177938255784E-6
5.3241750379762145E-6
5.390880746884754E-6
5.4393297258000005E-6
5.445925530649078E-6
5.480374019263879E-6
5.423714296834158E-6
5.3819751379684765E-6
5.428368982681655E-6
5.489739545952753E-6
5.4866139926981975E-6
5.509618605927907E-6
5.535625322262489E-6
5.46537108966953E-6
5.4544282399770545E-6
5.481226625794182E-6
5.45617388726015E-6
5.504929280182974E-6
5.523340429183943E-6
5.522403847463555E-6
5.514141081868653E-6
5.447039508089543E-6
5.459164821072518E-6
5.457158365155218E-6
5.4585128509772195E-6
5.474175102605565E-6
5.476660852337788E-6
5.4604470548821705E-6
5.413403265418029E-6
5.4315980400891505E-6
5.433482000615745E-6
5.386351641549916E-6
5.409523254950231E-6
5.44323198317594E-6
5.441935947964982E-6
5.390988148804856E-6
5.389357601488341E-6
5.375964410205172E-6
5.3747850024880835E-6
5.405883508477671E-6
5.4089717097543065E-6
5.451778002905876E-6
5.485831355528808E-6
5.451480603196703E-6
5.4060413443799456E-6
5.427901135281678E-6
5.357067870419966E-6
5.447741917749995E-6
5.452666790882109E-6
5.511248059451388E-6
5.483756274900236E-6
5.5592532078699245E-6
5.574691272782844E-6
5.591950380389824E-6
5.560222951713724E-6
5.540778370180181E-6
5.575200590260099E-6
5.560558067190544E-6
5.5189317522836E-6
5.542039379647191E-6
5.512431248795015E-6
5.477586583486118E-6
5.492716020524595E-6
5.463959423462072E-6
5.494071120188791E-6
5.446203473921942E-6
5.4444463628835944E-6
5.459377004625141E-6
5.476949276296829E-6
5.470064520213493E-6
5.548808768126654E-6
5.5782422515878725E-6
5.559038496578627E-6
5.533998100126389E-6
5.5480570305475615E-6
5.589077700100919E-6
5.58664279493404E-6
5.625555937039528E-6
5.569754514227157E-6
5.610139835244108E-6
5.628569085541273E-6
5.6416684564153465E-6
5.6491113949923926E-6
5.702954941198342E-6
5.6911850913596985E-6
5.73052096479668E-6
5.715446065919083E-6
5.740333915720149E-6
5.7758611671924775E-6
5.780581476993701E-6
5.789840384529897E-6
5.83826966897909E-6
5.848562742188306E-6
5.85439285931568E-6
5.924494275717983E-6
5.9251155101796065E-6
5.915219214905833E-6
5.930437034335171E-6
5.9450899365617395E-6
5.921154001448673E-6
5.873190074425562E-6
5.797789595437695E-6
5.8374798075967344E-6
5.7772770416861735E-6
5.7704500361780096E-6
5.787881324752218E-6
5.863888648638019E-6
5.849031998201355E-6
5.885051345624766E-6
5.939295772576227E-6
5.915867318412267E-6
5.906195797604601E-6
5.986120330325885E-6
6.033571963549319E-6
6.055640951040483E-6
6.019555909742899E-6
6.056296806945087E-6
6.0764697346828355E-6
6.0443542931922055E-6
6.050010619009674E-6
6.010541317400707E-6
5.944321941358937E-6
6.0036605822474795E-6
5.971932463721147E-6
5.984740104034556E-6
5.946281743515183E-6
5.9041064035696165E-6
5.884205411315528E-6
5.919641413516385E-6
5.91246605179026E-6
5.9016020992052975E-6
5.8664849454306125E-6
5.81232335254247E-6
5.804283446277876E-6
5.756866322281158E-6
5.785760359917676E-6
5.765910919344577E-6
5.8066328730870264E-6
5.7939607608906084E-6
5.687565941369565E-6
5.701957376449131E-6
5.70737801770226E-6
5.63361440146903E-6
5.64603196698795E-6
5.588409778331508E-6
5.583953047322608E-6
5.512357271059019E-6
5.401511706136266E-6
5.36046152892106E-6
5.433179358050823E-6
5.3890344373652184E-6
5.402883200440619E-6
5.395847533602605E-6
5.387944442837023E-6
5.389500106054265E-6
5.386100212366692E-6
5.392116598614653E-6
5.333395084213349E-6
5.326021500571914E-6
5.307942785939499E-6
5.326407575725422E-6
5.300267693623465E-6
5.357842355785554E-6
5.350701432261414E-6
5.323562032113916E-6
5.343415206430295E-6
5.345147733989168E-6
5.368853263451553E-6
5.34207994799091E-6
5.306435149906302E-6
5.290267681108108E-6
5.244043023831673E-6
5.293749233653215E-6
5.329274526569864E-6
5.370089414344264E-6
5.360281969787929E-6
5.352242841994243E-6
5.39620118656822E-6
5.386807938977402E-6
5.416998825966491E-6
5.396226870608985E-6
5.3724094271028925E-6
5.394105228730185E-6
5.471820781406573E-6
5.44239102340831E-6
5.469238872778338E-6
5.4339296620914076E-6
5.401542065235274E-6
5.405624996311963E-6
5.409498411768499E-6
5.347787535101475E-6
5.339331862609652E-6
5.356053795036306E-6
5.420522903464475E-6
5.452676650988447E-6
5.401599806578119E-6
5.4555378527682235E-6
5.458048434232339E-6
5.46444946287136E-6
5.414316179389314E-6
5.404001578345005E-6
5.47700552284256E-6
5.524881766117801E-6
5.58182732429884E-6
5.579819470037547E-6
5.612468303867514E-6
5.628164389593211E-6
5.6085948918969E-6
5.6087250144131925E-6
5.586367348797998E-6
5.561926146885696E-6
5.580693298432883E-6
5.597670860377385E-6
5.625097605039588E-6
5.596109084550809E-6
5.594369322273952E-6
5.550786919261192E-6
5.512187188846422E-6
5.547777875165857E-6
5.521373404993471E-6
5.516419970101266E-6
5.532140834417607E-6
5.468607387338585E-6
5.48692469462115E-6
5.501585270450966E-6
5.505233453937229E-6
5.508845192646313E-6
5.559134023619489E-6
5.540900326200527E-6
5.658157413615566E-6
5.6475081838117E-6
5.639013088715959E-6
5.693080391714387E-6
5.674078354557267E-6
5.653813052503916E-6
5.602349038043216E-6
5.5784929080482946E-6
5.619034607289012E-6
5.567162090172574E-6
5.53277515489059E-6
5.555792285244023E-6
5.573601457665691E-6
5.540700498693215E-6
5.551340463850973E-6
5.5294692625308184E-6
5.565526966320361E-6
5.596326838798078E-6
5.581350309621577E-6
5.480632994992823E-6
5.543153557914565E-6
5.5222895695654786E-6
5.588342580442524E-6
5.530058808197881E-6
5.466800941893275E-6
5.490886294485973E-6
5.534073107776356E-6
5.5168248366389595E-6
5.473051987223759E-6
5.507763346312467E-6
5.539090431443773E-6
5.61329848817159E-6
5.6697750523237886E-6
5.705638783909054E-6
5.727177019629434E-6
5.7109536914597795E-6
5.627242333928E-6
5.6193099124852085E-6
5.622729316605351E-6
5.593833879980353E-6
5.5571120228725535E-6
5.508982059678512E-6
5.498976316053516E-6
5.533589455465234E-6
5.5724565892630075E-6
5.546312055974409E-6
5.525002068569433E-6
5.486285537912159E-6
5.441676029751759E-6
5.4268486776735815E-6
5.412737579985274E-6
5.403416302738E-6
5.458631112415771E-6
5.495990157864397E-6
5.5391942933891614E-6
5.590404720574516E-6
5.601130003604069E-6
5.591546998988211E-6
5.610367966930882E-6
5.649160097780761E-6
5.688532265959951E-6
5.6477125144877855E-6
5.656388411092177E-6
5.64077063025991E-6
5.632304888546019E-6
5.67862510113037E-6
5.605496153052166E-6
5.5163878038756645E-6
5.483270334805E-6
5.513400987829223E-6
5.482098293944931E-6
5.495908999574836E-6
5.4594669025049E-6
5.448847042969423E-6
5.429567132059146E-6
5.498526459796962E-6
5.51268067452596E-6
5.4551696945476435E-6
5.5335633027682E-6
5.431565251839049E-6
5.41331441319123E-6
5.4378341539316214E-6
5.483214114597574E-6
5.429389142229058E-6
5.453142217387434E-6
5.465756981575301E-6
5.4458012357396825E-6
5.4142626804959455E-6
5.444786400043918E-6
5.445230184410825E-6
5.445476015942439E-6
5.441196643600222E-6
5.439155852961489E-6
5.455766462613611E-6
5.475303828354791E-6
5.480186558082154E-6
5.559055279819675E-6
5.530703674336428E-6
5.5014027373737E-6
5.547654213188987E-6
5.534412411084491E-6
5.535329503630167E-6
5.449965309490738E-6
5.406030240207971E-6
5.342017241820815E-6
5.322968479095192E-6
5.300633270396079E-6
5.273405286555406E-6
5.2675711887550505E-6
5.30536607276368E-6
5.289926452521428E-6
5.2084816815745045E-6
5.184539583788759E-6
5.173068125759912E-6
5.151905780107856E-6
5.194406865202032E-6
5.200011663347105E-6
5.195805927326749E-6
5.177862973940746E-6
5.178558209870158E-6
5.109829648011418E-6
5.135993962989642E-6
5.244631910401934E-6
5.234385737314243E-6
5.2186872199943125E-6
5.20302512750825E-6
5.209423144060267E-6
5.191465960126454E-6
5.20240056395537E-6
5.170577176962993E-6
5.214500117436973E-6
5.270763265330811E-6
5.305363648539914E-6
5.310277708021765E-6
5.367372095243792E-6
5.377989621378086E-6
5.395342856598517E-6
5.391832619970447E-6
5.337590187494888E-6
5.307828408445131E-6
5.328774625617764E-6
5.280893495679541E-6
5.30653976268882E-6
5.281670253218971E-6
5.292695539397707E-6
5.273894511692263E-6
5.21599132790131E-6
5.182930510920235E-6
5.2240718235348594E-6
5.193274173015448E-6
5.205122309610813E-6
5.208248566699803E-6
5.2441504824560615E-6
5.2841397632112994E-6
5.315292482189319E-6
5.321152978040127E-6
5.270908440116181E-6
5.297822122211323E-6
5.275152360454997E-6
5.27938123657729E-6
5.307137655260135E-6
5.333643102494805E-6
5.404992063449156E-6
5.4253555436103575E-6
5.4021266306466035E-6
5.419905025005262E-6
5.409134093149619E-6
5.433423379631636E-6
5.428646497702336E-6
5.513678193010732E-6
5.5040924900783235E-6
5.535834059008029E-6
5.49174348283001E-6
5.487131732749764E-6
5.457443677900221E-6
5.430187481731683E-6
5.378763845040872E-6
5.389271758757324E-6
5.3768993647648444E-6
5.405865997435199E-6
5.553806512996228E-6
5.692547727335304E-6
5.693488674526536E-6
5.656814895021557E-6
5.617076499700895E-6
5.664106742293819E-6
5.5980861329475714E-6
5.541429370007024E-6
5.554723238987896E-6
5.564015715384524E-6
5.559369460772723E-6
5.556742770360192E-6
5.5381176580674025E-6
5.554850806739329E-6
5.506940797382505E-6
5.482238398782695E-6
5.485232347865236E-6
5.464810692120414E-6
5.437138450374687E-6
5.450607936075617E-6
5.40046175435613E-6
5.426654781627021E-6
5.3878058608162145E-6
5.395113627312666E-6
5.423150146543232E-6
5.447053692988197E-6
5.440028832227646E-6
5.440730918655028E-6
5.486432473535095E-6
5.510142178042208E-6
5.5209575903250055E-6
5.493353709582067E-6
5.516180010917843E-6
5.464929233346641E-6
5.459426031973263E-6
5.424222198127998E-6
5.4720727346266325E-6
5.4588764598681145E-6
5.474625294901591E-6
5.45022943194503E-6
5.483375565226717E-6
5.443540131226586E-6
5.417178102950129E-6
5.380338126427907E-6
5.383021516280771E-6
5.394766341703811E-6
5.380020901471237E-6
5.423768709025279E-6
5.47715248642015E-6
5.467187618218239E-6
5.486667382314377E-6
5.443562991663718E-6
5.395683985546065E-6
5.374095259923361E-6
5.326539427840665E-6
5.289213119048966E-6
5.255925777060828E-6
5.20900679028336E-6
5.1970869990840694E-6
5.230936559224037E-6
5.258890903158955E-6
5.298778469570872E-6
5.2594497333520335E-6
5.208971423831475E-6
5.220955516154999E-6
5.218207667966957E-6
5.244400695360904E-6
5.268784948700733E-6
5.287223061601591E-6
5.322117017658039E-6
5.3489955221176686E-6
5.285085711575898E-6
5.230687629519055E-6
5.266018813421101E-6
5.296530284188507E-6
5.328649597056924E-6
5.3174743001848445E-6
5.302243025430985E-6
5.277482879921897E-6
5.239583710139003E-6
5.2568386568736635E-6
5.192287002445986E-6
5.315696709982593E-6
5.370082310192361E-6
5.352037183767566E-6
5.3623575645153225E-6
5.35502666239099E-6
5.330321450895328E-6
5.325394729783854E-6
5.377712267718856E-6
5.397189267346754E-6
5.369750357855417E-6
5.3431188119303025E-6
5.323307454370037E-6
5.246331131892404E-6
5.25280722540584E-6
5.218367467414069E-6
5.237512266883387E-6
5.290266402118343E-6
5.276190928057063E-6
5.24852166128774E-6
5.268830548788941E-6
5.2881564636025485E-6
5.267218896507514E-6
5.284363870150941E-6
5.3078353668437E-6
5.3043967224331745E-6
5.309452553538845E-6
5.355296957482795E-6
5.336307277732472E-6
5.301287573486362E-6
5.312493360300898E-6
5.359699193908871E-6
5.336386298584242E-6
5.370059099084009E-6
5.382113132718243E-6
5.3705306011426895E-6
5.339208181344764E-6
5.292966769709945E-6
5.269172621048836E-6
5.28659791189319E-6
5.230815956329522E-6
5.2184634960875915E-6
5.2312637279603164E-6
5.22010684179327E-6
5.234820611786199E-6
5.2699501637075166E-6
5.27296975503643E-6
5.283776119931407E-6
5.221298060700787E-6
5.24607509426875E-6
5.283036642018163E-6
5.332645662355823E-6
5.375300834842747E-6
5.4462309943864995E-6
5.47564106127027E-6
5.476277846209927E-6
5.52382748184768E-6
5.502931621541502E-6
5.4906919471048935E-6
5.508324827193821E-6
5.50533574064471E-6
5.532094536319037E-6
5.506145473973073E-6
5.5687806065935635E-6
5.545231441554199E-6
5.571359036426494E-6
5.570519716099879E-6
5.6091275444850816E-6
5.591170703467516E-6
5.581220197953276E-6
5.639857079392489E-6
5.585552768593845E-6
5.5449342938878E-6
5.535175688345819E-6
5.441928775896294E-6
5.41070262183523E-6
5.434776736869704E-6
5.461322310106777E-6
5.445826301896223E-6
5.463767419226005E-6
5.405904610369414E-6
5.419286731057469E-6
5.381228493032582E-6
5.377133012147562E-6
5.408356548639083E-6
5.425629886238518E-6
5.440164052762813E-6
5.47613948140931E-6
5.4670654408687735E-6
5.489294931026246E-6
5.487921147850881E-6
5.454166198884887E-6
5.5002136403978605E-6
5.576292002072757E-6
5.502682375678696E-6
5.4931231548591615E-6
5.461136668387861E-6
5.487820857377576E-6
5.539113026031222E-6
5.495842584509244E-6
5.447233155028691E-6
5.4685544057707315E-6
5.5451639735064464E-6
5.549980192382785E-6
5.519975649506528E-6
5.489658867388928E-6
5.508232468316063E-6
5.462164246275375E-6
5.4601819600562485E-6
5.447324942330256E-6
5.43547133562817E-6
5.411328432632539E-6
5.414781900790133E-6
5.403263848911221E-6
5.379642603532261E-6
5.416945878309589E-6
5.401316664972223E-6
5.437661302584853E-6
5.415938034801926E-6
5.488895267125058E-6
5.4372133739587925E-6
5.369790218370573E-6
5.329808967546212E-6
5.331914079047203E-6
5.225865658500326E-6
5.240622420874239E-6
5.234641425906024E-6
5.246016680049908E-6
5.2750289522688604E-6
5.2860640638307986E-6
5.363675602021812E-6
5.36714551968413E-6
5.355777078527696E-6
5.3510013551152185E-6
5.350591752618247E-6
5.36186928787938E-6
5.333833781666194E-6
5.295525946120936E-6
5.353036159656758E-6
5.349144409726931E-6
5.3067516850755E-6
5.317815473966852E-6
5.344590315941375E-6
5.352130147267289E-6
5.32880452690633E-6
5.2803485899331254E-6
5.297811516965765E-6
5.303882607629122E-6
5.22360423262795E-6
5.256933492301886E-6
5.2591480358717486E-6
5.169698999543077E-6
5.17115243786049E-6
5.229757340023701E-6
5.221011094374055E-6
5.1666057686931774E-6
5.1798629627534505E-6
5.185821101546221E-6
5.210392908334287E-6
5.2098600381192215E-6
5.227773386999105E-6
5.26712290472589E-6
5.29283499641873E-6
5.315969481160722E-6
5.33373716985115E-6
5.339822153095346E-6
5.353454634064302E-6
5.320098164138513E-6
5.292943097953287E-6
5.3508045103583095E-6
5.412084871663544E-6
5.413431436006671E-6
5.456142478313679E-6
5.4660414945712956E-6
5.449169997986904E-6
5.4869334018309455E-6
5.491153306273384E-6
5.433996964095739E-6
5.441817874536722E-6
5.363177745706454E-6
5.343206274494119E-6
5.319063828319917E-6
5.292039531403427E-6
5.3145627684696175E-6
5.378969843357895E-6
5.357138189793677E-6
5.333608084771243E-6
5.300223650620174E-6
5.286297337923442E-6
5.26799718814184E-6
5.259640626447939E-6
5.254796138387095E-6
5.2900830290504075E-6
5.287976750202431E-6
5.272189720987807E-6
5.297229847196148E-6
5.26764172957625E-6
5.241100222371838E-6
5.269048477302322E-6
5.288953773484008E-6
5.291911432800949E-6
5.319895767889558E-6
5.270962487932366E-6
5.287426152995956E-6
5.305905279872314E-6
5.279371886272392E-6
5.338309540543542E-6
5.31642635427959E-6
5.2886762213637175E-6
5.252319964398824E-6
5.280142305688067E-6
5.297469925553251E-6
5.301958005559753E-6
5.242719703802922E-6
5.2221201081599275E-6
5.244519868077693E-6
5.287153411763124E-6
5.302559632861694E-6
5.374398889749699E-6
5.3367135601249265E-6
5.282062587681649E-6
5.270820602602605E-6
5.34428550158697E-6
5.311852810733009E-6
5.327441429315845E-6
5.276636098884637E-6
5.301343849302216E-6
5.311562660951224E-6
5.325358242742506E-6
5.321904873560331E-6
5.317207062966111E-6
5.284700140096149E-6
5.339893139958546E-6
5.3160866716474096E-6
5.3099268334798315E-6
5.3042800756663185E-6
5.327700183155205E-6
5.2889111637163724E-6
5.325313034153389E-6
5.340851592035956E-6
5.3231192469378015E-6
5.340698579068432E-6
5.337492160333063E-6
5.399872038745279E-6
5.453599124427572E-6
5.441826200767063E-6
5.408012886208537E-6
5.402812142264943E-6
5.4006938629882475E-6
5.362172956998936E-6
5.363258015275573E-6
5.440966840480979E-6
5.4907344828021E-6
5.45144636176229E-6
5.47658998647531E-6
5.513661506952926E-6
5.515886129624447E-6
5.561766179979204E-6
5.548489845131107E-6
5.575278313976755E-6
5.58917275786434E-6
5.46301209841038E-6
5.489356805621677E-6
5.490755591946978E-6
5.480288823220262E-6
5.459774386046873E-6
5.383587112425301E-6
5.4214144650533535E-6
5.413015223662154E-6
5.40294752964105E-6
5.413644825284299E-6
5.348363726451482E-6
5.2879067278753435E-6
5.315357140478436E-6
5.269783567697528E-6
5.277241400991956E-6
5.279915030346042E-6
5.320562027005251E-6
5.305578474934622E-6
5.315639398594869E-6
5.343410537823909E-6
5.313560315179551E-6
5.3013754849311105E-6
5.322832712989519E-6
5.313865010676159E-6
5.391870151961441E-6
5.474664036700181E-6
5.415579385744789E-6
5.398182461237957E-6
5.447148380715807E-6
5.434369218729604E-6
5.396702787536058E-6
5.332316345857235E-6
5.2186913230317685E-6
5.211002063594147E-6
5.199139554708274E-6
5.1178613395007E-6
5.161064548443541E-6
5.154889513501563E-6
5.217103816475914E-6
5.221194410965084E-6
5.256413374190518E-6
5.22708431172072E-6
5.248149982185659E-6
5.2812925980443305E-6
5.3593437965929516E-6
5.376072673991597E-6
5.405338815394751E-6
5.345047550663426E-6
5.3579614562374175E-6
5.339879182074629E-6
5.368663288586363E-6
5.415951996500618E-6
5.458127524973731E-6
5.408815330992625E-6
5.437624046004583E-6
5.515869802502066E-6
5.461883236613162E-6
5.5013297432496555E-6
5.552487378756188E-6
5.5695283969823014E-6
5.585944845616265E-6
5.567018645633515E-6
5.594964383621498E-6
5.57059221689076E-6
5.523531955394604E-6
5.618988576078585E-6
5.641546883246598E-6
5.580492337211628E-6
5.62272970451887E-6
5.640382941410984E-6
5.518302390165087E-6
5.502946820497299E-6
5.545061435539256E-6
5.562646193098332E-6
5.522942891598065E-6
5.542075845881448E-6
5.641308571985989E-6
5.645924523788705E-6
5.6762202390777595E-6
5.588329550967061E-6
5.5507863246235105E-6
5.562457966252173E-6
5.551435166799755E-6
5.575015290166379E-6
5.565341741880188E-6
5.614891026019038E-6
5.694521167335053E-6
5.683297866836862E-6
5.7062149601722185E-6
5.675052132609066E-6
5.757087823308889E-6
5.786923180198637E-6
5.745285630354878E-6
5.7508091749448116E-6
5.7226049107310024E-6
5.711958484320699E-6
5.709160202483826E-6
5.734512054262943E-6
5.692057607524956E-6
5.5803354109171945E-6
5.4983738008210625E-6
5.458236260962554E-6
5.441220004921553E-6
5.49796539368655E-6
5.518064302047851E-6
5.501119884475532E-6
5.476616823787253E-6
5.456733880680887E-6
5.4711384285356154E-6
5.4752678509916816E-6
5.446477249898583E-6
5.458353374383436E-6
5.421593840244782E-6
5.4007845919331835E-6
5.451744592082521E-6
5.452564426271226E-6
5.432402547661399E-6
5.4400658802111515E-6
5.452447291491173E-6
5.491289058694613E-6
5.441149838253276E-6
5.423520886627637E-6
5.390732044298151E-6
5.447739998248696E-6
5.47493803182127E-6
5.409288949201157E-6
5.371901469476487E-6
5.3861875287333085E-6
5.34641993095821E-6
5.3376486333954586E-6
5.316156571608811E-6
5.343597575167439E-6
5.355134882238398E-6
5.326887391549374E-6
5.3697180517707525E-6
5.339340099011681E-6
5.4449392213925236E-6
5.453408540898816E-6
5.45246545002591E-6
5.4557353524152575E-6
5.438596457742578E-6
5.455437057069682E-6
5.464740148198041E-6
5.454975978873647E-6
5.432396059811507E-6
5.427201909627156E-6
5.422434994510871E-6
5.4208532556851705E-6
5.4536931807330784E-6
5.534474051836339E-6
5.566971363140218E-6
5.626743200688623E-6
5.645324976184857E-6
5.677169342713177E-6
5.755843316356493E-6
5.729896477972637E-6
5.634759834519865E-6
5.595379227308178E-6
5.64759362119595E-6
5.663287585462424E-6
5.680759858997224E-6
5.715922135979591E-6
5.654648235586848E-6
5.651660772774125E-6
5.683904622180265E-6
5.690843315694311E-6
5.652316696108998E-6
5.661100973776513E-6
5.7303155841261924E-6
5.734458912646831E-6
5.7872168770321444E-6
5.7932410644080824E-6
5.779277376244792E-6
5.789549845410272E-6
5.865003104760706E-6
5.888504682807694E-6
5.970249685855323E-6
5.9666305615334605E-6
5.999565646938888E-6
6.004444375046104E-6
5.847871778362847E-6
5.8003409511988505E-6
5.86104346597303E-6
5.896991276197327E-6
5.954843140668773E-6
5.911638131434064E-6
5.963450475405887E-6
5.995061189625003E-6
6.040251299162473E-6
6.089045927299329E-6
6.048654334032238E-6
6.00182866578753E-6
5.883613822134576E-6
5.9021105120134405E-6
5.9294540144658884E-6
5.916709215707998E-6
5.9247160331735785E-6
5.921550356765357E-6
5.952826142301494E-6
5.972404516249857E-6
5.918168709810198E-6
5.855548047632304E-6
5.865837737332214E-6
5.979415929854993E-6
5.942375696777933E-6
5.850648266989579E-6
5.877651532336833E-6
5.994658157717319E-6
5.993393895591848E-6
5.951816631575351E-6
5.893058080512557E-6
5.919744353802863E-6
5.855992354987848E-6
5.887747572751796E-6
5.905095288668866E-6
5.9538865438093915E-6
5.951631484084057E-6
5.995423659146018E-6
5.98196725847275E-6
5.943827544928562E-6
5.899703825213603E-6
5.966138806276823E-6
5.831989301152278E-6
5.734898718351717E-6
5.752818155155333E-6
5.740785875540187E-6
5.779174112124696E-6
5.809430797312793E-6
5.743973838159043E-6
5.723913362815962E-6
5.777319517800034E-6
5.770795342246547E-6
5.771730130012168E-6
5.759819803077804E-6
5.718948635275099E-6
5.7146538973444795E-6
5.6417086223503174E-6
5.628377800764476E-6
5.645361944322335E-6
5.6248644859378E-6
5.643065868800738E-6
5.540492673506423E-6
5.465517952682505E-6
5.467491514652096E-6
5.446705862510577E-6
5.4512954964931565E-6
5.474160716046427E-6
5.456685801124439E-6
5.458175326709416E-6
5.488034630448033E-6
5.434752095454268E-6
5.394891555145143E-6
5.351908851975637E-6
5.3811637445529355E-6
5.426865600025611E-6
5.467453043071562E-6
5.508076061946863E-6
5.4546291559129535E-6
5.433175506723601E-6
5.403535095995995E-6
5.425704277063132E-6
5.484199902468083E-6
5.4431749781039465E-6
5.450910982020803E-6
5.438973232329971E-6
5.343788816545834E-6
5.3296278979313395E-6
5.444801789303988E-6
5.455415299845188E-6
5.4649297466900634E-6
5.384131075121307E-6
5.33064076606302E-6
5.367150642584274E-6
5.321150092080132E-6
5.3169321885820245E-6
5.353969303646564E-6
5.407159983429762E-6
5.4001873592745886E-6
5.402813410575226E-6
5.440506817853156E-6
5.416911380780057E-6
5.4002843565852974E-6
5.491061605279516E-6
5.487229344841071E-6
5.482571857882103E-6
5.4955348223589536E-6
5.4854695479176035E-6
5.50997217276404E-6
5.561595779725492E-6
5.645366336189305E-6
5.6153488437972E-6
5.589661934446451E-6
5.593658838723271E-6
5.579934900072737E-6
5.622798219600121E-6
5.598829730732062E-6
5.5742312933263184E-6
5.586818251757354E-6
5.59835538455374E-6
5.607805087919372E-6
5.620191359734706E-6
5.700257939916029E-6
5.687682539991389E-6
5.697963186003381E-6
5.676111652046563E-6
5.5808548738177784E-6
5.643549754529345E-6
5.5968228989466485E-6
5.616165585475058E-6
5.606906737233947E-6
5.551490403330117E-6
5.547973900073041E-6
5.5031334105046975E-6
5.4716049779629875E-6
5.442833937287173E-6
5.4096482004312806E-6
5.3838225648737265E-6
5.402884327790988E-6
5.4064169029277045E-6
5.402590393790797E-6
5.365883761059416E-6
5.330233517858809E-6
5.299555132899502E-6
5.329340679006038E-6
5.379841640815971E-6
5.360565178261279E-6
5.298016257279134E-6
5.354261293961875E-6
5.344334702329381E-6
5.302817531639588E-6
5.227232938000454E-6
5.153369595086704E-6
5.156209188339502E-6
5.141821926038576E-6
5.133318926491555E-6
5.205106675015218E-6
5.220574946287333E-6
5.224844735668458E-6
5.354760716261275E-6
5.357764823590012E-6
5.351394280929653E-6
5.442044810100753E-6
5.453908877683875E-6
5.516427759739241E-6
5.419009011093291E-6
5.406086022366413E-6
5.4288243729900954E-6
5.428871030712769E-6
5.429350200112042E-6
5.384883778753283E-6
5.415760008631677E-6
5.474784820746197E-6
5.440945085066226E-6
5.392015168196655E-6
5.4107183562183564E-6
5.4629405804943175E-6
5.475052675789012E-6
5.459306111863975E-6
5.405449644288705E-6
5.3858980747253964E-6
5.3403295705705595E-6
5.286395905497394E-6
5.348540978359443E-6
5.423656982092829E-6
5.449794781453413E-6
5.483675233501983E-6
5.499097932807059E-6
5.497899333705237E-6
5.486609384930765E-6
5.531035977803374E-6
5.513972417095323E-6
5.500426209535841E-6
5.412711705977429E-6
5.447945545841491E-6
5.421119880540207E-6
5.3981759851709E-6
5.382702862499533E-6
5.402733865674732E-6
5.443995645881786E-6
5.444020268708412E-6
5.419946305326165E-6
5.367029786940619E-6
5.36414836161888E-6
5.363361046586615E-6
5.3761687268208195E-6
5.388595243782528E-6
5.341811662689974E-6
5.2804810570970885E-6
5.276961555281852E-6
5.3541250031998586E-6
5.287125451598342E-6
5.2695883650340265E-6
5.217491605816369E-6
5.211113158879962E-6
5.29017570324021E-6
5.281189983344513E-6
5.244552879583668E-6
5.24504954274941E-6
5.284404317990246E-6
5.2907257967868165E-6
5.325768049377537E-6
5.3159293543502055E-6
5.29968712526926E-6
5.275655885748806E-6
5.273191681730429E-6
5.253143756322288E-6
5.272534265517921E-6
5.199663707442095E-6
5.253913971288994E-6
5.268573026918381E-6
5.260071696796676E-6
5.359789045462843E-6
5.1477507902494305E-6
5.154147638348683E-6
5.201549098635098E-6
5.192731099095223E-6
5.206480422356852E-6
5.236986185299107E-6
5.227052061576129E-6
5.195673318462083E-6
5.1807147534585725E-6
5.169474818399585E-6
5.207628851935555E-6
5.26326083344595E-6
5.244280400028497E-6
5.287494958618132E-6
5.245345322935486E-6
5.2369166829494155E-6
5.248740149500212E-6
5.275085686319359E-6
5.241740926090928E-6
5.214744770863245E-6
5.291219175706455E-6
5.264992605410858E-6
5.285176658682189E-6
5.262061727648281E-6
5.274073390819372E-6
5.268557819587212E-6
5.296182574613733E-6
5.354112737398706E-6
5.370836840368654E-6
5.343538562365934E-6
5.3093660266737865E-6
5.355172718442436E-6
5.3207813818631216E-6
5.323008392208399E-6
5.305577041807687E-6
5.309549140511415E-6
5.3128467571775325E-6
5.309386157111786E-6
5.316246885784756E-6
5.292448543082948E-6
5.251095454910405E-6
5.270284789725416E-6
5.246026933186429E-6
5.240139113066987E-6
5.241015989839852E-6
5.246410429166665E-6
5.235023492110651E-6
5.270383391709818E-6
5.277715514344901E-6
5.30747248639682E-6
5.313096829814893E-6
5.314549421450334E-6
5.296925890384749E-6
5.213828639907205E-6
5.200960297590296E-6
5.2012151615995686E-6
5.185075606421803E-6
5.161629333808328E-6
5.145729986055102E-6
5.163415390496775E-6
5.143659496972265E-6
5.102690876101087E-6
5.051933579779797E-6
5.019434493321873E-6
5.001292472202487E-6
5.019371951930492E-6
4.995547854204247E-6
5.0491076153632355E-6
5.080750590801149E-6
5.059463648331905E-6
5.092416700835389E-6
5.112938839528102E-6
5.10848334200741E-6
5.104932195862654E-6
5.146687484737711E-6
5.141262572316868E-6
5.163045353137143E-6
5.13278882870645E-6
5.115392453519947E-6
5.142746417043432E-6
5.115911274178016E-6
5.180588118447167E-6
5.183533207672172E-6
5.133045439611947E-6
5.091184834596623E-6
5.084487522280909E-6
5.100050809309246E-6
5.066813615536131E-6
5.019416925431526E-6
4.945527513846433E-6
4.932445150561248E-6
4.915200647047114E-6
4.915190644897376E-6
4.921720327387977E-6
4.957156428506635E-6
4.956291656277949E-6
5.016528827166677E-6
5.015753636257013E-6
4.971618525044904E-6
4.990993650339141E-6
4.977536721255915E-6
4.971558046643625E-6
4.992176384103571E-6
4.965775480438427E-6
4.957709185949631E-6
4.989641347253434E-6
5.011420176435796E-6
5.023870005974492E-6
5.014965089085816E-6
4.979634185302917E-6
4.955534859557764E-6
4.941401382741694E-6
4.9887003239158E-6
4.9752964815945204E-6
4.950434647531154E-6
4.949321687736818E-6
4.937398151793625E-6
4.9538225271626235E-6
4.999175243598918E-6
5.0071393280905066E-6
5.023557829202327E-6
5.021895520744376E-6
5.009219885823836E-6
4.986846554665603E-6
5.018705921468E-6
5.021444790952552E-6
5.1115737102524175E-6
5.152713462387004E-6
5.15368722656351E-6
5.19743469295589E-6
5.210775369597657E-6
5.190214118999208E-6
5.225054943096881E-6
5.248396356223666E-6
5.24726143359452E-6
5.2883251030775196E-6
5.22760751833013E-6
5.223174819350908E-6
5.190820434846118E-6
5.208704334668688E-6
5.193328050659848E-6
5.210735894274805E-6
5.183340057329399E-6
5.172885595052863E-6
5.139262283891978E-6
5.147423930927466E-6
5.1974890215482985E-6
5.196348616340852E-6
5.221506824120579E-6
5.159680395999027E-6
5.14029260663286E-6
5.1085596833777285E-6
5.046929843939423E-6
4.980316764544517E-6
4.9342282242798055E-6
4.95187604342438E-6
4.959662113397853E-6
4.953273497521941E-6
4.968161173308254E-6
4.980242409852016E-6
4.987760684189367E-6
4.9852371277588516E-6
4.97844536902492E-6
4.9810809964707374E-6
4.951169188502705E-6
4.969735218295794E-6
4.951644509015684E-6
4.939308784124556E-6
4.959567740905473E-6
4.976041249904481E-6
4.960045578996428E-6
4.995161039745369E-6
4.980839322017912E-6
4.919591629358889E-6
4.893580935069421E-6
4.9451624428376584E-6
4.931794987040021E-6
4.937309152476189E-6
4.902886608786856E-6
4.890969331050277E-6
4.889586343522192E-6
4.871480368447353E-6
4.8848682929895625E-6
4.86629578063279E-6
4.862266273504359E-6
4.809569444044839E-6
4.770747206293224E-6
4.832185584816335E-6
4.871364332213474E-6
4.8677871233275495E-6
4.893788581478535E-6
4.881379267709832E-6
4.87205618265893E-6
4.886409757995842E-6
4.9139836003466166E-6
4.864071014429386E-6
4.866963384244007E-6
4.865826697872466E-6
4.863923372688799E-6
4.8633383897913786E-6
4.904219755867497E-6
4.856845970205563E-6
4.873307422340208E-6
4.905319204223804E-6
4.906518475742879E-6
4.880503931989122E-6
4.904401819003951E-6
4.887628376289253E-6
4.894073171762595E-6
4.909961428836057E-6
4.925667451870258E-6
4.954074624126853E-6
4.947445085881239E-6
4.994639065361073E-6
5.064561321339456E-6
5.071290968046051E-6
5.074518643084703E-6
5.140084572426924E-6
5.119044117243034E-6
5.092715349169363E-6
5.130793642736067E-6
5.175180993766383E-6
5.193161170267333E-6
5.127130749058967E-6
5.153986327984673E-6
5.101571267261562E-6
5.084127888781132E-6
5.093020855895346E-6
5.09940022927993E-6
5.040404318531008E-6
5.032997777899609E-6
5.037847388772865E-6
5.010304789272738E-6
5.015698702402189E-6
5.009808672254978E-6
5.082977550305472E-6
5.072314555363957E-6
5.0960181271246386E-6
5.049343261984226E-6
5.009652581842357E-6
4.999746214793568E-6
5.010801795534125E-6
5.00872645535844E-6
5.018472435286774E-6
5.03863594896726E-6
5.027036024230295E-6
5.032826525500257E-6
5.011456895870419E-6
4.975025865018055E-6
5.060788730136966E-6
5.037437281266835E-6
5.013003368844006E-6
4.98592657767841E-6
4.9942952896427235E-6
4.981158399701314E-6
4.996324997028782E-6
4.979354156787829E-6
5.009358204152143E-6
4.980591745565619E-6
4.969034081546846E-6
4.95653672759796E-6
4.939488759174531E-6
4.955785459514622E-6
4.951805152382316E-6
4.932842733319908E-6
4.887952623613298E-6
4.904306389521813E-6
4.945017886168169E-6
4.976558086587133E-6
5.015509623116244E-6
4.971705042791248E-6
4.955289983053546E-6
4.972300173102929E-6
4.995269318490551E-6
4.93285623471249E-6
4.9235119981114815E-6
4.9062818254387355E-6
4.904668650488125E-6
4.893911944345453E-6
4.9190543182878884E-6
4.9064628530493585E-6
4.878655630306524E-6
4.8978726751028885E-6
4.930227210141486E-6
4.9023796493482746E-6
4.8882338083990346E-6
4.899437941598816E-6
4.970962864738313E-6
4.980074732190708E-6
4.9821888436340116E-6
4.939111323874042E-6
4.9758573578634386E-6
4.946682365565547E-6
4.967099214859447E-6
4.953900748498379E-6
4.983925374898716E-6
4.992989012071667E-6
4.968699537700331E-6
4.948612403434128E-6
4.951548858713437E-6
4.9123086170224944E-6
4.9160325572739875E-6
4.9787255756642885E-6
4.941028864705188E-6
4.958721065776137E-6
4.934219737353973E-6
4.908151706217162E-6
4.917336772958437E-6
4.923019536279326E-6
4.8930989378758215E-6
4.873396224942333E-6
4.868713229430999E-6
4.910283001366674E-6
4.885996127833315E-6
4.901007646764191E-6
4.890631818304105E-6
4.856285472868859E-6
4.902939783490505E-6
4.875715875919302E-6
4.863193093235367E-6
4.8766499195759286E-6
4.888692586923733E-6
4.8891420002718775E-6
4.916352951337769E-6
4.926471520858206E-6
4.905608166860396E-6
4.914543586733457E-6
4.921778977294527E-6
4.918121425944377E-6
4.945920569748084E-6
4.931579495033258E-6
4.945610102227785E-6
4.900438027803425E-6
4.906446072386644E-6
4.906156704072578E-6
4.920763621218205E-6
4.929242815242983E-6
4.896404505036043E-6
4.88428223920304E-6
4.902674043396112E-6
4.908608182961415E-6
4.912619531795595E-6
4.9164972538760976E-6
4.911226562754042E-6
4.899950487874633E-6
4.921892992719568E-6
4.898965495731377E-6
4.913013895701078E-6
4.8920142357153405E-6
4.913587986222043E-6
4.913759378509074E-6
4.915028140298323E-6
4.922946340177736E-6
4.926207700762005E-6
4.919005480783139E-6
4.948532086254826E-6
4.929508281666344E-6
4.947361171000362E-6
4.958162949450285E-6
4.9487836810329E-6
4.959871695375277E-6
4.9591641222139884E-6
4.980021257333238E-6
4.998016604698462E-6
5.12459591649523E-6
5.073438918835622E-6
5.076800141345518E-6
5.097134354284956E-6
5.116707190647727E-6
5.202035508504784E-6
5.128703929076462E-6
5.146741405502753E-6
5.106791693950258E-6
5.113921351492835E-6
5.130238291648942E-6
5.125587163865598E-6
5.097496589891306E-6
5.044572259607254E-6
5.024761707406E-6
5.034768111263685E-6
5.10468340079528E-6
5.1051399068062375E-6
5.044588936634758E-6
5.043390029902407E-6
5.030862813968909E-6
5.044806865651151E-6
5.0233335511890875E-6
5.038343648118341E-6
5.070344717791146E-6
5.059874075325236E-6
5.055832058331161E-6
5.087844201219281E-6
5.058328816587284E-6
5.067083733709863E-6
5.076339106872309E-6
5.051714106691611E-6
5.021527788861185E-6
5.074348576817504E-6
5.087697576757429E-6
5.0300004096307865E-6
5.017427993232355E-6
4.974079622649311E-6
5.019992405704847E-6
5.044407393461611E-6
5.065440623264885E-6
5.084466462024989E-6
5.091582173037461E-6
5.080395235548692E-6
5.067362227795088E-6
5.08466261492616E-6
5.1046610458294795E-6
5.116257672327436E-6
5.06910990251514E-6
5.0520829293361625E-6
5.035879705918418E-6
5.004401007071512E-6
5.052490847139514E-6
5.083214478457014E-6
5.127309332312228E-6
5.135001024137336E-6
5.180092786744375E-6
5.196987058688051E-6
5.22288062010591E-6
5.2642654002506154E-6
5.258677943784957E-6
5.302195840373891E-6
5.319591438132003E-6
5.302440150408648E-6
5.286270678839867E-6
5.312610317514123E-6
5.272748048629951E-6
5.227376724549215E-6
5.194857132492196E-6
5.213605671524439E-6
5.282595973990743E-6
5.320085663863695E-6
5.36033269673402E-6
5.371235021912261E-6
5.406432427688966E-6
5.4554165641533035E-6
5.392176393133025E-6
5.371744342039182E-6
5.400061279965613E-6
5.445796553091106E-6
5.418434333574552E-6
5.458376358657605E-6
5.548331931436339E-6
5.505788258382524E-6
5.508836650683989E-6
5.5433645931498E-6
5.593271116450336E-6
5.560409606748994E-6
5.6703587159665444E-6
5.654675927933037E-6
5.649926161746697E-6
5.662224688361605E-6
5.659154421380769E-6
5.677303057839261E-6
5.6627118598329704E-6
5.6540114470447014E-6
5.625676831476813E-6
5.612415569017182E-6
5.567263955160532E-6
5.550172557989537E-6
5.530961483889517E-6
5.573474346958775E-6
5.598108791940871E-6
5.579306173306511E-6
5.532522025630039E-6
5.478483926091221E-6
5.483892161894198E-6
5.498103771984817E-6
5.4855261426332E-6
5.489259309403704E-6
5.477174489264439E-6
5.475857765619332E-6
5.5271570612030755E-6
5.5472689245174284E-6
5.60604890868903E-6
5.5320992033106295E-6
5.511597252209393E-6
5.5214427353495975E-6
5.483638528962823E-6
5.503093931326668E-6
5.5490787018207975E-6
5.566501991502657E-6
5.623569387012504E-6
5.583761303678325E-6
5.595512468089536E-6
5.58314737173649E-6
5.606561691062592E-6
5.578517168351782E-6
5.579789340194478E-6
5.605889743142501E-6
5.5694048027435076E-6
5.526036300034525E-6
5.534567634919111E-6
5.507703519952312E-6
5.584346311488068E-6
5.57012204549897E-6
5.633107812496773E-6
5.663442132606621E-6
5.652243358837632E-6
5.608491461468504E-6
5.638895179635163E-6
5.6524331679022316E-6
5.748178819480494E-6
5.820110594392287E-6
5.842058669081627E-6
5.776004283483759E-6
5.736339768627173E-6
5.748904602655903E-6
5.777152531489693E-6
5.7798557816188735E-6
5.772056150653988E-6
5.802216870301067E-6
5.776603918189158E-6
5.765932767538507E-6
5.7778049276364E-6
5.769536856152057E-6
5.762903291191553E-6
5.761718453096515E-6
5.785156108900344E-6
5.716845178907828E-6
5.752373465587627E-6
5.799909922035808E-6
5.7297633108503E-6
5.7195626638276605E-6
5.730369339104248E-6
5.742464621483355E-6
5.755188389887576E-6
5.755152827713176E-6
5.711721989936047E-6
5.747654097686353E-6
5.7157112398193375E-6
5.7381339558370335E-6
5.735756002829857E-6
5.717233460248835E-6
5.7075760861864075E-6
5.7137230512281745E-6
5.740545458182032E-6
5.764312666881207E-6
5.74888004929436E-6
5.7721615516088925E-6
5.740307839608832E-6
5.781625076934494E-6
5.7899919859834015E-6
5.775774718381447E-6
5.734880007916378E-6
5.75940682810573E-6
5.7594155280052015E-6
5.724081696683827E-6
5.761558760854419E-6
5.797312693520199E-6
5.721549325019789E-6
5.623872671775766E-6
5.665550847127072E-6
5.6933206976900695E-6
5.719929400537732E-6
5.699627354776419E-6
5.728729176627759E-6
5.6857399605599385E-6
5.675653601043228E-6
5.745787933434631E-6
5.739971433686574E-6
5.762190831985926E-6
5.750003048054384E-6
5.850782640384305E-6
5.882423141446436E-6
5.875424104052147E-6
5.86691416693993E-6
5.887697917598924E-6
5.929148080902764E-6
5.849158945300292E-6
5.817197729154063E-6
5.799122261602804E-6
5.790093185458988E-6
5.8245349078349055E-6
5.829013024516265E-6
5.840784462791952E-6
5.842374416682012E-6
5.877458845241418E-6
5.8820150070806E-6
5.839847549914385E-6
5.825076072485605E-6
5.840425352107809E-6
5.876672648345671E-6
5.905033681116808E-6
5.908664818815007E-6
5.902198442206957E-6
5.931520999729021E-6
5.858573917517994E-6
5.837560810138389E-6
5.791875355176425E-6
5.7539026587943545E-6
5.753200558316799E-6
5.67769965305945E-6
5.694070119209036E-6
5.6773627782185755E-6
5.664359403165011E-6
5.7107107444119445E-6
5.7080685507290346E-6
5.726226901641188E-6
5.740159295949218E-6
5.732088283795036E-6
5.699392045704509E-6
5.698997255454353E-6
5.727306720597543E-6
5.7506539833238015E-6
5.716273991166538E-6
5.717504115416433E-6
5.744941722137481E-6
5.7167483754575025E-6
5.687316371368269E-6
5.666466225928001E-6
5.653336470648363E-6
5.625203092001014E-6
5.62732599111032E-6
5.563961793905514E-6
5.556724769528436E-6
5.5337201210756965E-6
5.535796368721627E-6
5.46377084762329E-6
5.433353677966476E-6
5.410045484392288E-6
5.434697535987082E-6
5.4517325282422015E-6
5.467723100545394E-6
5.497499755207705E-6
5.463097697399971E-6
5.465238454547584E-6
5.508263335995742E-6
5.5391163975350835E-6
5.499323008271285E-6
5.47466854839692E-6
5.4795010724286345E-6
5.47053593598289E-6
5.458977723752368E-6
5.515885687831668E-6
5.492801442661897E-6
5.505767178862093E-6
5.450199756492086E-6
5.5222019467385995E-6
5.593882256417084E-6
5.634268346344186E-6
5.605761501303146E-6
5.61243978824948E-6
5.624591802646782E-6
5.615227728181229E-6
5.575596978951302E-6
5.628920314070565E-6
5.634060594062704E-6
5.606815216385798E-6
5.522778751000812E-6
5.553628509098479E-6
5.555136290550875E-6
5.593369140268798E-6
5.572489296741569E-6
5.632305883523782E-6
5.655985543808466E-6
5.735909825921143E-6
5.776430697217846E-6
5.797041261501301E-6
5.717876753068562E-6
5.740248045767585E-6
5.691570588971708E-6
5.6703406833273495E-6
5.629567282164147E-6
5.632803071446175E-6
5.666854202982913E-6
5.632018193233507E-6
5.622351077807672E-6
5.606268031968343E-6
5.596419606149158E-6
5.591416895127504E-6
5.527890353501702E-6
5.533319792007018E-6
5.4744394932089525E-6
5.5045823911876525E-6
5.485395785135498E-6
5.462281961303345E-6
5.491299962855947E-6
5.522266875551294E-6
5.4953711668740945E-6
5.5025197249798064E-6
5.499868489898382E-6
5.411200687958941E-6
5.390083267603801E-6
5.435727135329109E-6
5.487992380314943E-6
5.5319580737230625E-6
5.558909753658785E-6
5.581228525791909E-6
5.601817737261781E-6
5.585031635226357E-6
5.555174785929428E-6
5.580748512477389E-6
5.618976627852133E-6
5.669376821135009E-6
5.6833136969396255E-6
5.743220848534858E-6
5.7916230470923054E-6
5.773418323405106E-6
5.817836127172141E-6
5.8582195706552195E-6
5.916602481464818E-6
5.875726467881103E-6
5.8470562418960875E-6
5.778551965070442E-6
5.809944360192093E-6
5.760075453069708E-6
5.850963779645332E-6
5.857823460652254E-6
5.789394883007113E-6
5.720556899400271E-6
5.730639368095076E-6
5.7013710900255365E-6
5.733011704912884E-6
5.710597742109243E-6
5.723774591234036E-6
5.707607201500888E-6
5.66519646329081E-6
5.605635590252246E-6
5.641034375262355E-6
5.657670043532347E-6
5.670513423662236E-6
5.737331570477746E-6
5.728835147694232E-6
5.707981382300338E-6
5.734295492944807E-6
5.717867104800019E-6
5.676972318880421E-6
5.710076455923611E-6
5.693422210127028E-6
5.6425609640962605E-6
5.6388745733845E-6
5.617975870930723E-6
5.6185101267568826E-6
5.5744595982617534E-6
5.599024817542117E-6
5.627703315539951E-6
5.722789218878787E-6
5.837718421965161E-6
5.8604824024066516E-6
5.855462779863739E-6
5.879654695268592E-6
5.908320686827676E-6
5.943491528908712E-6
5.906237711682946E-6
5.886879223456887E-6
5.879386883169738E-6
5.827683676620396E-6
5.802987541698055E-6
5.814912957755977E-6
5.747820615659444E-6
5.676025180040938E-6
5.692656450957186E-6
5.720482893589023E-6
5.693576717847333E-6
5.629024196506993E-6
5.667660141162047E-6
5.690872936014085E-6
5.790158221356887E-6
5.782078788849996E-6
5.775801481426385E-6
5.8457635471385475E-6
5.856861817871194E-6
5.863870948873529E-6
5.8676648178037745E-6
5.906696589517386E-6
5.887451753595039E-6
5.8776719004698515E-6
5.882473204816208E-6
5.828945800037095E-6
5.827345170980699E-6
5.78298203492786E-6
5.7469577793688325E-6
5.792157470601771E-6
5.78418690875176E-6
5.832829571842332E-6
5.788465716046293E-6
5.811997241789277E-6
5.874633723295552E-6
5.953717041044999E-6
6.0114677025683836E-6
6.0017949749526466E-6
6.089708529087142E-6
6.017163674301846E-6
6.0574338673691284E-6
6.0682421317203476E-6
6.103436408922694E-6
6.094819817757206E-6
6.062409305848946E-6
6.0711363861930785E-6
6.094877974079603E-6
6.116037923356598E-6
6.033369124002983E-6
6.0597093357951686E-6
6.060529452371335E-6
5.994637852522332E-6
5.93136973720638E-6
5.947535680583202E-6
5.9350763500559145E-6
5.909241782950081E-6
5.926473086467476E-6
5.853554471155886E-6
5.862205128978727E-6
5.810914213579397E-6
5.747028710221642E-6
5.761383238288758E-6
5.74333716001149E-6
5.659076683653772E-6
5.585462615115437E-6
5.573382577214202E-6
5.570876635558257E-6
5.490291771122651E-6
5.412811652780797E-6
5.362320917091323E-6
5.389636139371647E-6
5.380012438999193E-6
5.346474414874041E-6
5.3281107815778415E-6
5.365204774383717E-6
5.353800391684113E-6
5.3983477311629065E-6
5.396180589107023E-6
5.415853616721101E-6
5.448717914070689E-6
5.400040228521873E-6
5.444880978156469E-6
5.445982463316377E-6
5.378657174161966E-6
5.383659698013253E-6
5.3395393428825965E-6
5.366646313110397E-6
5.2884347151333745E-6
5.245481831306779E-6
5.257873006081919E-6
5.240236928163569E-6
5.227060527298044E-6
5.194206393646831E-6
5.152890496238772E-6
5.1394987087750915E-6
5.102307238251028E-6
5.100099893764383E-6
5.074681612089358E-6
5.106229125723834E-6
5.120300405422272E-6
5.059980610004588E-6
5.07426385791781E-6
5.051024509663916E-6
5.043784813162606E-6
5.050742168446415E-6
5.057341493594737E-6
5.065043189500948E-6
5.026738056522757E-6
5.0015071751695E-6
4.989700154774417E-6
4.989016302231343E-6
4.929307798740385E-6
4.9246862247132784E-6
4.947720011472783E-6
5.028676971091146E-6
4.991158640826164E-6
5.015033622129299E-6
5.041716919493131E-6
5.012434369087038E-6
5.041412373539424E-6
5.034570315337204E-6
5.034675816374135E-6
5.0703365228565E-6
5.088878907532421E-6
5.0691677801308455E-6
5.040645990588434E-6
5.016946396924471E-6
4.985937601396125E-6
4.9537708903046676E-6
4.946630679561147E-6
4.99910170373635E-6
5.03230063025072E-6
5.007217636970919E-6
5.047503255250409E-6
5.076012736793012E-6
5.091992663371593E-6
5.114388233196231E-6
5.145073989178636E-6
5.157923736853498E-6
5.143165852843081E-6
5.157222777755814E-6
5.158177816946419E-6
5.133074977453787E-6
5.154817768946009E-6
5.175202100752047E-6
5.231543747380428E-6
5.296842593202833E-6
5.243922922060443E-6
5.242946672324958E-6
5.2444505212853865E-6
5.232162504699938E-6
5.208100254842607E-6
5.20608607716275E-6
5.1971304533363864E-6
5.13767150230537E-6
5.161873199305901E-6
5.168544581908869E-6
5.1870506249877E-6
5.193719925134949E-6
5.231184332742132E-6
5.240855869612571E-6
5.2265166782255035E-6
5.214008813877676E-6
5.169305889758384E-6
5.11584796405523E-6
5.096801396730296E-6
5.054894010396164E-6
5.037357336900998E-6
5.034680334715135E-6
5.070527886112149E-6
5.0676130991968045E-6
5.044606048001459E-6
5.020156396096634E-6
5.016395045828647E-6
5.006627185238608E-6
5.014353762657827E-6
5.021615398354292E-6
5.072194736771585E-6
5.054309412179535E-6
5.053440326923117E-6
5.067938462525835E-6
5.0757519814812155E-6
5.024673562606491E-6
4.980322664474227E-6
4.994352036718988E-6
4.993696375428963E-6
4.970201871307145E-6
4.983662773478249E-6
5.014207283033797E-6
5.0274846657214555E-6
5.003110880335283E-6
5.016290581799896E-6
5.007206401277848E-6
4.962530663087744E-6
5.063747611195497E-6
5.073297552613556E-6
5.0559776951262744E-6
5.078144622462434E-6
5.090287059250964E-6
5.09124895818284E-6
5.105604307482543E-6
5.044722700041899E-6
5.026669372725704E-6
5.0257662037051944E-6
5.032929220090466E-6
5.021097138467172E-6
5.033108856094124E-6
5.012032630163845E-6
4.987283642853177E-6
4.960605996436377E-6
4.97233218460009E-6
4.98872944333689E-6
5.037778032686297E-6
5.06945230361824E-6
5.028134252826526E-6
5.086316513586792E-6
5.110734336769988E-6
5.084244820193787E-6
5.112603583059951E-6
5.112903994634576E-6
5.166437651261908E-6
5.14560608576568E-6
5.156982449091129E-6
5.191262284924304E-6
5.213517862727307E-6
5.19272635160239E-6
5.187235659961626E-6
5.1447782147455315E-6
5.154784745600982E-6
5.112824661072259E-6
5.100917599281091E-6
5.023806139396313E-6
5.051464059519729E-6
5.018960252106883E-6
5.064977779443301E-6
5.105399312937164E-6
5.12538456439149E-6
5.1311953513182E-6
5.1518713094562295E-6
5.157538336104538E-6
5.136316537475037E-6
5.1148785975267555E-6
5.136899999688404E-6
5.138140063778366E-6
5.163384481582182E-6
5.162105143065057E-6
5.11172158345996E-6
5.137554861591141E-6
5.094054677583847E-6
5.093246075951849E-6
5.125528738873539E-6
5.1087243014015595E-6
5.122195503851845E-6
5.1806771916686454E-6
5.161319184252038E-6
5.154277441475056E-6
5.160987637012292E-6
5.1362928561700925E-6
5.116324172901695E-6
5.140810057808912E-6
5.143344521627876E-6
5.1374006477053485E-6
5.078603427073242E-6
5.033327817233654E-6
5.068350631160207E-6
5.026307806690377E-6
5.061862861604321E-6
5.100295842044692E-6
5.104535985638427E-6
5.139446265853029E-6
5.123575356498956E-6
5.127501466874409E-6
5.140865251734881E-6
5.105276461728341E-6
5.124704966088362E-6
5.106820547567385E-6
5.068008287756584E-6
5.044670494049174E-6
5.07278845571803E-6
5.063135712267469E-6
5.074462602984641E-6
5.101173173123291E-6
5.044778842596471E-6
5.06199731063887E-6
5.044715771636245E-6
5.028743671131144E-6
5.161215231778502E-6
5.161489901257867E-6
5.193633652754806E-6
5.206517214166429E-6
5.189794641833372E-6
5.200461507258742E-6
5.101101288884013E-6
5.057895641295668E-6
5.083911799303386E-6
5.0926068800911294E-6
5.117707037393379E-6
5.0763150902884896E-6
5.055675834073827E-6
5.018837079672921E-6
5.050698644870222E-6
5.091753287904043E-6
5.036683650404186E-6
5.096726007429211E-6
5.0369669190594754E-6
5.040416645802795E-6
5.049659479569091E-6
4.9429603139519315E-6
4.954995843958344E-6
5.003041931435754E-6
4.990536780402145E-6
4.9198267212214175E-6
4.846998601371681E-6
4.862518891392363E-6
4.825298636741726E-6
4.83512065815579E-6
4.862029083345736E-6
4.873638049429194E-6
4.836918106331253E-6
4.863414174007974E-6
4.827272249960836E-6
4.755400721416846E-6
4.7744222337237465E-6
4.785243654296496E-6
4.834255360654391E-6
4.817821956837653E-6
4.904780674121181E-6
4.896677917690395E-6
4.906591500983291E-6
4.936004191029161E-6
4.9968974003253245E-6
4.997894716756495E-6
4.999175069534271E-6
4.956306996138502E-6
4.979312574167007E-6
4.9341464864264E-6
4.942666909109025E-6
4.922297050839717E-6
4.908763455387293E-6
4.923254423628489E-6
4.912224504093373E-6
4.895559659107611E-6
4.870713981094073E-6
4.889487226635936E-6
4.88384570894625E-6
4.856364161553322E-6
4.880338290827475E-6
4.869505555690953E-6
4.8725087647019866E-6
4.863014929242266E-6
4.881655537601467E-6
4.930768270791275E-6
4.95139454261424E-6
4.9943316306863435E-6
5.036927011246E-6
5.0209318988137445E-6
5.066975601277187E-6
5.015907462180377E-6
5.062092888233522E-6
5.126428468680148E-6
5.129874002846117E-6
5.217109339763321E-6
5.2309971663937954E-6
5.19579666797787E-6
5.18937986552028E-6
5.273754173151372E-6
5.311540726003926E-6
5.333364564723718E-6
5.3069497656937335E-6
5.286337049516664E-6
5.294461100753239E-6
5.332380939465078E-6
5.327705363450463E-6
5.279214490925988E-6
5.312871530369685E-6
5.301611944015686E-6
5.3150448904081E-6
5.283825975284768E-6
5.267816769360617E-6
5.295012136779941E-6
5.2290686937178014E-6
5.24553365789026E-6
5.2165756594237435E-6
5.19797813216168E-6
5.217370590939276E-6
5.219709533467623E-6
5.277972417219988E-6
5.352235240326322E-6
5.34503349035469E-6
5.334457866601627E-6
5.335214922364221E-6
5.3135123667897E-6
5.260143032562357E-6
5.300436656556519E-6
5.301568345071764E-6
5.278394504335387E-6
5.262423485846296E-6
5.258765802886781E-6
5.2249007389885676E-6
5.239222238516587E-6
5.255469585233825E-6
5.32166472041939E-6
5.336913733401596E-6
5.313696576285871E-6
5.29549330878894E-6
5.296173851507218E-6
5.306248225016095E-6
5.326878637486321E-6
5.324613046287277E-6
5.313221295363474E-6
5.3537710996999285E-6
5.406763383824125E-6
5.364542907247072E-6
5.345015296478665E-6
5.348026870106166E-6
5.330247515212634E-6
5.3601883752422495E-6
5.318472852759456E-6
5.2827442596827416E-6
5.257592195533409E-6
5.253988323531817E-6
5.2712774697511295E-6
5.305956948909819E-6
5.30239997396292E-6
5.314915932826867E-6
5.327806536127654E-6
5.233999294353368E-6
5.222874607428169E-6
5.185615052668341E-6
5.216617484917519E-6
5.235400607542645E-6
5.098628935196768E-6
5.095031747196294E-6
5.11288311908306E-6
5.126029675306517E-6
5.125344633490409E-6
5.113701778241111E-6
5.143964539829374E-6
5.109711430621646E-6
5.096918022138609E-6
5.108078284772204E-6
5.133962477279972E-6
5.1578808469019E-6
5.167728745265652E-6
5.178819945875049E-6
5.196366817132607E-6
5.20162204059425E-6
5.210410826120079E-6
5.186729612791884E-6
5.1789810564076894E-6
5.222411175258121E-6
5.179186368289539E-6
5.1660627042636735E-6
5.15253352374971E-6
5.130568085795727E-6
5.100651571380475E-6
5.131417784449398E-6
5.1262718148546215E-6
5.128093393036279E-6
5.09735674710487E-6
5.122408760295698E-6
5.1487117946188284E-6
5.150087471235216E-6
5.179012710749498E-6
5.156642565446478E-6
5.183344904136141E-6
5.185949696457171E-6
5.195403048056535E-6
5.217316753872768E-6
5.2152837838112865E-6
5.218047102404172E-6
5.270755592628291E-6
5.276003352920984E-6
5.259194621014107E-6
5.2573134533865876E-6
5.3062231156821015E-6
5.311292353251644E-6
5.2817095484053875E-6
5.276979249632646E-6
5.259140784451803E-6
5.25102271499497E-6
5.2425090189386104E-6
5.288371362365773E-6
5.28951437993893E-6
5.348496853128946E-6
5.2871512303803435E-6
5.286430692072103E-6
5.315059819098029E-6
5.29766885611917E-6
5.282457764148535E-6
5.284063525753851E-6
5.334626647727857E-6
5.313293655829811E-6
5.3310739693917904E-6
5.350630264644483E-6
5.3457291499776896E-6
5.344209450141418E-6
5.355276425701992E-6
5.3381817751737015E-6
5.31677766343376E-6
5.315855703695631E-6
5.310555057277549E-6
5.32804086835186E-6
5.344605272384341E-6
5.381898613292209E-6
5.370136973031568E-6
5.379754377664784E-6
5.374328307374156E-6
5.381947204823471E-6
5.408438230153024E-6
5.359106666312377E-6
5.355883731218314E-6
5.370036538970746E-6
5.379397734680408E-6
5.395640501438715E-6
5.354841587309467E-6
5.3540842493901206E-6
5.341562592264799E-6
5.287273632479956E-6
5.2971943953806125E-6
5.301459562464101E-6
5.294789617955898E-6
5.298829512780029E-6
5.279981611654837E-6
5.319014943926005E-6
5.2966790648907076E-6
5.279411851418865E-6
5.259396790668895E-6
5.242258274065213E-6
5.23835933001598E-6
5.229785875988002E-6
5.313178674825346E-6
5.301044254933825E-6
5.278987050227594E-6
5.28908305553079E-6
5.289154324723945E-6
5.29956188574251E-6
5.26731867382299E-6
5.256042712079263E-6
5.251205432133E-6
5.2416000282051256E-6
5.221001100456193E-6
5.2131426895552736E-6
5.310833321260841E-6
5.315710150788053E-6
5.323453795952232E-6
5.300974326017299E-6
5.318896355156463E-6
5.325340066778945E-6
5.330425922223609E-6
5.311642156446554E-6
5.3251535846630545E-6
5.313352245676445E-6
5.324022632886513E-6
5.338932500660719E-6
5.346989887935191E-6
5.347749849776087E-6
5.334430647498695E-6
5.3302787782159505E-6
5.265127976035907E-6
5.245935837929404E-6
5.2659519660231965E-6
5.293715785973263E-6
5.270040073467565E-6
5.25666797706535E-6
5.277696423029305E-6
5.277180047038051E-6
5.2649124736995366E-6
5.221985392844747E-6
5.235542386620372E-6
5.2499868694917825E-6
5.24725147693245E-6
5.293132340927473E-6
5.329030993661143E-6
5.298139743917274E-6
5.311575360436762E-6
5.319024761627202E-6
5.299338960969492E-6
5.288648121331555E-6
5.308944788469781E-6
5.306053786373763E-6
5.309187077554636E-6
5.323163638615992E-6
5.326827449846379E-6
5.332228748993727E-6
5.31397563334069E-6
5.341007936250293E-6
5.371477918312326E-6
5.355241777280925E-6
5.326815704498773E-6
5.312712889425491E-6
5.294195189217141E-6
5.329246029080632E-6
5.3696034713493475E-6
5.4211953713798664E-6
5.436862718409548E-6
5.440725853134745E-6
5.455604081778835E-6
5.464122723575581E-6
5.470446832126467E-6
5.449224734995233E-6
5.465614467120137E-6
5.5051774705640876E-6
5.494628641877791E-6
5.4644880463211136E-6
5.4599680984189174E-6
5.401633071103415E-6
5.387978520677316E-6
5.401441868759836E-6
5.421413243654331E-6
5.436604703105094E-6
5.436637706239808E-6
5.430640688179901E-6
5.419191321346551E-6
5.451843581880773E-6
5.455509924322719E-6
5.3728297167179174E-6
5.331108368191177E-6
5.398498067185335E-6
5.390788088863794E-6
5.366778420818427E-6
5.348340842370325E-6
5.350681197952253E-6
5.37569235806389E-6
5.428912516627475E-6
5.416275482109213E-6
5.437722944605535E-6
5.413211271585228E-6
5.413726530465674E-6
5.428394153580698E-6
5.4169170112522605E-6
5.3806420899637705E-6
5.410237382100382E-6
5.382511129744656E-6
5.409558356438476E-6
5.397186824492777E-6
5.387773005701695E-6
5.387959966935552E-6
5.369370575760524E-6
5.400432545407944E-6
5.428972418355119E-6
5.428752450273477E-6
5.453500775760592E-6
5.448239081822778E-6
5.436622262981264E-6
5.400314039480988E-6
5.358036260460852E-6
5.3628818214925615E-6
5.357470682536929E-6
5.358362376359758E-6
5.38293755693842E-6
5.413319427331993E-6
5.404616176017734E-6
5.457046095511099E-6
5.403197113628916E-6
5.352186119715788E-6
5.358579378141561E-6
5.347429952535937E-6
5.3816625667902136E-6
5.396681063935509E-6
5.422427042283793E-6
5.413395515630909E-6
5.430874562811302E-6
5.457318753473986E-6
5.439251675649734E-6
5.441415341269827E-6
5.447686815777994E-6
5.451076484535271E-6
5.432472932248284E-6
5.440132247893649E-6
5.455304337505925E-6
5.426951177171832E-6
5.492873405692299E-6
5.497992767977582E-6
5.496019846000409E-6
5.5559353548837905E-6
5.496408133734004E-6
5.542037318347668E-6
5.566947431551477E-6
5.572786112840736E-6
5.485822900472909E-6
5.485929407964907E-6
5.500801792811206E-6
5.484850537503069E-6
5.452554919569716E-6
5.487955992153508E-6
5.479287440856766E-6
5.530640308366073E-6
5.547059784697963E-6
5.564695541154835E-6
5.568303512926508E-6
5.581547038503972E-6
5.594503740882197E-6
5.587494449886454E-6
5.5939710154197545E-6
5.602559209892997E-6
5.639593784662561E-6
5.65039869598485E-6
5.6481172497819024E-6
5.6476766491222985E-6
5.613769273535932E-6
5.61865709675584E-6
5.606658729093349E-6
5.628834455657991E-6
5.650457841279805E-6
5.598788733568687E-6
5.590027916457323E-6
5.576947543738342E-6
5.598591803534162E-6
5.569420608479274E-6
5.599164177920201E-6
5.598244893189862E-6
5.552937853778962E-6
5.588935385538667E-6
5.630852764524839E-6
5.6272200980278E-6
5.681358675573954E-6
5.672072878215591E-6
5.706000188992096E-6
5.733047805401798E-6
5.758094459957954E-6
5.77524788252589E-6
5.831466832571712E-6
5.833453529427118E-6
5.78261392489001E-6
5.817942962753293E-6
5.8472512913172404E-6
5.8709512879981066E-6
5.832673124534393E-6
5.822914747732364E-6
5.815021621808259E-6
5.853381328402609E-6
5.841848865456921E-6
5.867183931848811E-6
5.875921677148705E-6
5.806999861775394E-6
5.7708981567716535E-6
5.78339433246716E-6
5.818849578041129E-6
5.875153744516097E-6
5.852562501953522E-6
5.908673141226428E-6
5.908308711005482E-6
5.9124654262021845E-6
5.918106438420021E-6
5.8977868889281384E-6
5.908015108237889E-6
5.928069914224886E-6
5.947786648038393E-6
5.8835485179751825E-6
5.898713777395126E-6
5.859920191227207E-6
5.919622644191821E-6
5.909184161095672E-6
5.878689857301719E-6
5.905550481113023E-6
5.878180815104551E-6
5.828276743178803E-6
5.8502491511437606E-6
5.9158292712897845E-6
5.917501492315128E-6
5.912682448544519E-6
5.857197556089025E-6
5.8670587178437915E-6
5.847268268516817E-6
5.8474242171581785E-6
5.8452944941553114E-6
5.855442087605292E-6
5.908109882758249E-6
5.8680312377641526E-6
5.833100021545502E-6
5.843974904785544E-6
5.871795739556027E-6
5.878610899334829E-6
5.896055737648029E-6
5.841275804437956E-6
5.809561167321597E-6
5.779022254300517E-6
5.782521224094263E-6
5.8465523518366065E-6
5.821767756067177E-6
5.8513092974715555E-6
5.826462021435494E-6
5.825793396371394E-6
5.814004166675747E-6
5.823460403137582E-6
5.870685615226716E-6
5.8616330375143415E-6
5.865427157483486E-6
5.882875622520527E-6
5.889414972548271E-6
5.8395123835766756E-6
5.873965322203536E-6
5.861682538979412E-6
5.834123592324866E-6
5.8347283085452444E-6
5.863070845750215E-6
5.862185487615114E-6
5.78952973844846E-6
5.785142949036719E-6
5.769705496532582E-6
5.818648051740839E-6
5.757158039204848E-6
5.7254993012109844E-6
5.74457140548932E-6
5.6910788923523645E-6
5.694663311943239E-6
5.666346309630306E-6
5.638276210089012E-6
5.709510686984547E-6
5.688851340038821E-6
5.720161368007807E-6
5.799862231265875E-6
5.796240064754701E-6
5.745081072783928E-6
5.767513526826505E-6
5.740400408136069E-6
5.687568854501199E-6
5.6828978136047195E-6
5.6359014635330205E-6
5.646594260378476E-6
5.673684919533612E-6
5.658069611684311E-6
5.6382323669162825E-6
5.6521040430326624E-6
5.710176921268137E-6
5.7587879906424504E-6
5.763003797332575E-6
5.783131701029659E-6
5.7479419761538215E-6
5.719079893459295E-6
5.713466680169306E-6
5.674499833192642E-6
5.716076623509472E-6
5.708565440344879E-6
5.700391887608007E-6
5.695949458739298E-6
5.705270691163539E-6
5.736232194556791E-6
5.762336670890265E-6
5.750384406970677E-6
5.751899903598605E-6
5.81102642920078E-6
5.7917379029851065E-6
5.790650126572189E-6
5.785911807858653E-6
5.763710769117994E-6
5.783303947443981E-6
5.768004704274141E-6
5.779183715403384E-6
5.784671928290736E-6
5.832585507401962E-6
5.861911637640936E-6
5.884088058844053E-6
5.885428869481616E-6
5.893181661481122E-6
5.888679322641618E-6
5.87468086185511E-6
5.878805324599773E-6
5.887359349798315E-6
5.870146829295166E-6
5.851991818089501E-6
5.8522107172878915E-6
5.888639837551385E-6
5.869859604815096E-6
5.880682393349687E-6
5.8641793070112496E-6
5.901254280741491E-6
5.888362716250698E-6
5.9297493905096E-6
5.945752224490685E-6
5.885955336845285E-6
5.90166841176169E-6
5.878139738026543E-6
5.889129816526521E-6
5.8308613395191465E-6
5.752875945019832E-6
5.765070379747645E-6
5.767782894487168E-6
5.764123220504335E-6
5.749944416586657E-6
5.758965208973933E-6
5.725564524707732E-6
5.69254612599634E-6
5.73528782922944E-6
5.796598067576144E-6
5.779104536312628E-6
5.708165527049555E-6
5.71963651399927E-6
5.724395013246551E-6
5.702819597983438E-6
5.6616555991585E-6
5.692292924671299E-6
5.704345647296002E-6
5.751032309830006E-6
5.7445513312738565E-6
5.749452319542729E-6
5.750396061209849E-6
5.769215974780882E-6
5.804483601325639E-6
5.8028655558244075E-6
5.803708588760014E-6
5.697520736197756E-6
5.656402950372409E-6
5.621514373832329E-6
5.6067485534256945E-6
5.601648178262365E-6
5.6085755705620835E-6
5.593021803910306E-6
5.572233421480156E-6
5.601831851461986E-6
5.637939297689605E-6
5.641272484848522E-6
5.605072037666258E-6
5.607627847956398E-6
5.60934723752936E-6
5.602348928761036E-6
5.5824513735265225E-6
5.519776775639318E-6
5.530863252376934E-6
5.593812789127085E-6
5.58940574825493E-6
5.566687775824193E-6
5.587619830064535E-6
5.608957810297213E-6
5.586001047489408E-6
5.581281861019974E-6
5.579732626171886E-6
5.571933969041639E-6
5.537177859987702E-6
5.551725400524354E-6
5.477614446809566E-6
5.458206733179856E-6
5.5062119741739835E-6
5.5073044214399375E-6
5.511832773567576E-6
5.504041428006733E-6
5.5334101381038415E-6
5.530972718175966E-6
5.5155163049799805E-6
5.533591504570784E-6
5.546448437943597E-6
5.492041123470584E-6
5.479970171838581E-6
5.451468852715582E-6
5.470445297184749E-6
5.483280043897645E-6
5.4818744910602155E-6
5.476707919474199E-6
5.510212848810952E-6
5.4895181399965296E-6
5.479594309189912E-6
5.4549566728897935E-6
5.3839430487087604E-6
5.3734850532855265E-6
5.420339505295193E-6
5.441975496762826E-6
5.418168925190346E-6
5.354643410907273E-6
5.374338472649534E-6
5.334994780287739E-6
5.332956797659668E-6
5.326823722523607E-6
5.337982939573987E-6
5.438718419814123E-6
5.431568754187095E-6
5.455990523417256E-6
5.462231220939863E-6
5.4235534305385705E-6
5.409795184764177E-6
5.41630281023435E-6
5.384983503816957E-6
5.361702898105008E-6
5.401017597211647E-6
5.386214645067091E-6
5.424605065258358E-6
5.4259105668576814E-6
5.438745960627932E-6
5.457196103160554E-6
5.442355827092395E-6
5.453298163020521E-6
5.482670876816579E-6
5.46724866341251E-6
5.508244337587278E-6
5.51533526752439E-6
5.54298146584369E-6
5.482558222429073E-6
5.496881009792481E-6
5.561715592351712E-6
5.583093864995639E-6
5.583560186551041E-6
5.632187071064096E-6
5.635468666466133E-6
5.565549750782992E-6
5.567335892721851E-6
5.522492755063664E-6
5.518475516317495E-6
5.533368454490691E-6
5.535577365969685E-6
5.633519326130388E-6
5.624615281048755E-6
5.622603623639701E-6
5.603240103089664E-6
5.630105177660805E-6
5.577454237579031E-6
5.5916650081786065E-6
5.575523356804762E-6
5.616740040795926E-6
5.626735055685663E-6
5.63188247875107E-6
5.592327104874401E-6
5.596577801724226E-6
5.6319787833023055E-6
5.626884660722394E-6
5.645658623951587E-6
5.7158941106788256E-6
5.8152982829969006E-6
5.840501867368064E-6
5.8577602765656075E-6
5.80164687376602E-6
5.82437072804574E-6
5.796955365326921E-6
5.765467572311802E-6
5.821149644016039E-6
5.833521250060028E-6
5.8429694764986996E-6
5.776613226923461E-6
5.784892605949369E-6
5.747038006226177E-6
5.710886568941958E-6
5.688366338928385E-6
5.672336571543017E-6
5.6382048504423554E-6
5.6446812250189374E-6
5.5881930612711525E-6
5.566064232609992E-6
5.5440553153928986E-6
5.514161756847747E-6
5.546159990321655E-6
5.4876150009088875E-6
5.486764633206983E-6
5.524077465816703E-6
5.535981221760918E-6
5.570870082620269E-6
5.574763850048545E-6
5.542583197419445E-6
5.596510278564946E-6
5.605861675541863E-6
5.677964544763164E-6
5.724689142996425E-6
5.67300475872997E-6
5.684644233485537E-6
5.717032489772522E-6
5.788922655502436E-6
5.789448835080705E-6
5.790345604065941E-6
5.801280132809938E-6
5.754572597540456E-6
5.774801223146144E-6
5.77568765668509E-6
5.812650509446735E-6
5.791721786476938E-6
5.751364275344504E-6
5.761674398315936E-6
5.773049532223751E-6
5.75203368425118E-6
5.727921426097583E-6
5.672538663363398E-6
5.689659644215473E-6
5.697897759029942E-6
5.8049647106994015E-6
5.792398196994844E-6
5.86759018050362E-6
5.869248896519652E-6
5.881676699284006E-6
5.8654323175444635E-6
5.831569994421135E-6
5.843179072885701E-6
5.866056475351597E-6
5.844328546758778E-6
5.8096731841151395E-6
5.836650668327273E-6
5.827868527598108E-6
5.799312990408822E-6
5.910459550416379E-6
5.966280922276997E-6
5.981109841068059E-6
5.945790649918706E-6
5.917680015698583E-6
5.8870530889161136E-6
5.926839213007733E-6
5.935302421911195E-6
5.969746206468709E-6
5.945560056976336E-6
5.953407829536583E-6
5.90524327484976E-6
5.878894275310996E-6
5.872167148412928E-6
5.8583694626084535E-6
5.849510695360595E-6
5.845749147849016E-6
5.837227355513693E-6
5.80561539960821E-6
5.752099044178656E-6
5.741999054361918E-6
5.766001879782588E-6
5.813017288357058E-6
5.865810265217248E-6
5.853370953016516E-6
5.8609258761700846E-6
5.8532329334529975E-6
5.88297985995144E-6
5.923363039650768E-6
5.8829159321021325E-6
5.9038256251774155E-6
5.923009524847946E-6
5.829374086465556E-6
5.80484122981254E-6
5.724014376459125E-6
5.744621040136092E-6
5.74651809487481E-6
5.721895630726526E-6
5.72136718049952E-6
5.710883543056004E-6
5.732325447673696E-6
5.740431072292724E-6
5.740774745350331E-6
5.730462856450383E-6
5.697487520646541E-6
5.658182225758215E-6
5.621135215554735E-6
5.6294597587111544E-6
5.637162382393078E-6
5.655328810600231E-6
5.657507934722253E-6
5.6567245521093635E-6
5.6629727192999145E-6
5.641454159017608E-6
5.646358633091501E-6
5.643936082117769E-6
5.66533448264412E-6
5.63626848646839E-6
5.705702083057496E-6
5.716171895628307E-6
5.754705333063091E-6
5.725809951753173E-6
5.797261828729769E-6
5.781799303732855E-6
5.750604142979653E-6
5.7428454695826375E-6
5.7442154663755846E-6
5.783471427617992E-6
5.821309685359326E-6
5.88339456626322E-6
5.9169856664713016E-6
5.895768425523547E-6
5.9141196232413345E-6
5.937834274283932E-6
5.9185118337404815E-6
5.907256615551129E-6
5.930432856479114E-6
5.967094798423488E-6
5.975168402456596E-6
5.9787750733872905E-6
5.94690678120308E-6
5.9812599806512115E-6
5.953361105675038E-6
6.054485493579735E-6
6.067080174728678E-6
6.039955588278988E-6
6.0630089892040804E-6
6.019089383643707E-6
5.963339088318096E-6
5.972799078912926E-6
5.998213516498203E-6
6.010347572774481E-6
6.029767763486669E-6
6.119155453292749E-6
6.093910921080062E-6
6.0968356117582295E-6
6.126011464817608E-6
6.204336649397555E-6
6.1762194129168614E-6
6.200541588022246E-6
6.187711545198606E-6
6.156688172610937E-6
6.1195798070501765E-6
6.113971073865015E-6
6.11664422688212E-6
6.1427802790241455E-6
6.091643920603171E-6
6.095121817416328E-6
6.113885444412819E-6
6.121470183985902E-6
6.1268986421556445E-6
6.200115341877386E-6
6.209580348291231E-6
6.203981936316225E-6
6.208414488455059E-6
6.175369258566667E-6
6.2305024649916676E-6
6.2436536213677565E-6
6.2544338376437014E-6
6.1809471997685E-6
6.1605206398955295E-6
6.151846247591941E-6
6.148382747618375E-6
6.161153955726678E-6
6.173781936850298E-6
6.1969343633906534E-6
6.224878038480708E-6
6.208953840624558E-6
6.242887503297216E-6
6.212408186705927E-6
6.238127051038417E-6
6.2160326819321984E-6
6.246563822900399E-6
6.20409957030195E-6
6.13248607041219E-6
6.0895052474180116E-6
6.0565165229061135E-6
6.04492715360182E-6
5.8991770003567286E-6
5.894380414553093E-6
5.888843443492678E-6
5.927321474751627E-6
5.989151008293841E-6
6.009686647514383E-6
5.9985692531841075E-6
5.993305917082683E-6
6.015865539890007E-6
5.967617954352539E-6
5.965958085085934E-6
6.028091078038828E-6
5.997468414380189E-6
5.991620990697512E-6
5.98968980701785E-6
5.992113091196945E-6
6.0067739120878424E-6
5.959722769893081E-6
6.026825490911542E-6
6.025416757686218E-6
6.074773879531671E-6
6.041957867117062E-6
5.963522263432539E-6
5.924288169546729E-6
6.064828768300077E-6
6.067116179731876E-6
6.0572567544262414E-6
6.078485067376133E-6
6.083493251649576E-6
6.085500470561307E-6
6.188076253578335E-6
6.226084527132375E-6
6.184282258221816E-6
6.173640588222467E-6
6.210512554508987E-6
6.21930661168698E-6
6.249596075680794E-6
6.265041814675978E-6
6.2149242308270205E-6
6.268040587817919E-6
6.351456177284777E-6
6.440562431936935E-6
6.4637724699741275E-6
6.42703911006087E-6
6.399985381738784E-6
6.409577559766046E-6
6.445296882041557E-6
6.441967777268074E-6
6.4126820838910346E-6
6.438263605916921E-6
6.406467151596711E-6
6.323039151706455E-6
6.286539572727921E-6
6.329902744955409E-6
6.318452453329084E-6
6.311806265585592E-6
6.3372029147839115E-6
6.3736253764373045E-6
6.369277311189989E-6
6.3760768469417845E-6
6.369138583615561E-6
6.347810326407866E-6
6.3349458244671525E-6
6.374726028342568E-6
6.3492453275837284E-6
6.327034149140444E-6
6.301045717664022E-6
6.2992924456141645E-6
6.349788202181282E-6
6.362216382099865E-6
6.389141385978198E-6
6.473357025643709E-6
6.430253994692055E-6
6.422576467341517E-6
6.413141316589835E-6
6.3968928130857305E-6
6.422399246003307E-6
6.463582197301034E-6
6.468716373198885E-6
6.434022550000946E-6
6.404667182332422E-6
6.427674070149116E-6
6.49796144694634E-6
6.498552429533747E-6
6.56203251493848E-6
6.562878392286452E-6
6.546311238896648E-6
6.543035373890991E-6
6.548459044533512E-6
6.501430566755639E-6
6.405216499767642E-6
6.4416711519286096E-6
6.4277003354234525E-6
6.394530942515104E-6
6.394213926633037E-6
6.404355898378852E-6
6.4664484606479375E-6
6.450376096845936E-6
6.394749217412762E-6
6.339727114344509E-6
6.32213360042482E-6
6.4037133358128916E-6
6.45419231530227E-6
6.480739169566391E-6
6.468437067199832E-6
6.529727062993612E-6
6.547941944971097E-6
6.5275739271328325E-6
6.51798432768132E-6
6.482730763769395E-6
6.492481431670202E-6
6.472420051876936E-6
6.381716747243378E-6
6.32476957722038E-6
6.3547738285613694E-6
6.354648965319616E-6
6.355237799600582E-6
6.395909430465217E-6
6.379367029349781E-6
6.288926688176754E-6
6.310075187242956E-6
6.304803659825922E-6
6.344517106230513E-6
6.331631855001922E-6
6.258680668320413E-6
6.192214144137667E-6
6.163758976370975E-6
6.1593311706800606E-6
6.126319860824925E-6
6.078903432078109E-6
6.099563053882651E-6
6.142037575687699E-6
6.12842195099486E-6
6.118868988855181E-6
6.0979499860998156E-6
6.092288019980917E-6
6.105393008851375E-6
6.099888220937391E-6
6.059977396002473E-6
6.137207466122726E-6
6.1290528430642394E-6
6.107699097839466E-6
6.101754357074374E-6
6.104985827197601E-6
6.114455076674211E-6
6.105342192120093E-6
6.122933997540023E-6
6.092488531130788E-6
6.098671809950431E-6
6.113293573208576E-6
6.047593212692038E-6
5.9904142767974315E-6
6.036133639378219E-6
5.994166876151797E-6
5.9654012341284175E-6
6.006440957649167E-6
5.994370838837703E-6
6.015193953109573E-6
5.99041842134743E-6
6.054790495382985E-6
6.073807882719408E-6
6.081103994474201E-6
6.053348853193139E-6
6.117265130132328E-6
6.101470024654052E-6
6.103531596980817E-6
6.137988061226989E-6
6.149418467558592E-6
6.1905152894418125E-6
6.227765236145642E-6
6.253909956377686E-6
6.331084380088154E-6
6.315397953636396E-6
6.322303044181063E-6
6.357604780323307E-6
6.343012101708571E-6
6.345756981873629E-6
6.34091171697759E-6
6.339522548254415E-6
6.336823118853436E-6
6.374260225935891E-6
6.409993815517472E-6
6.41875020743827E-6
6.440267404204747E-6
6.450481228614143E-6
6.4121760688593E-6
6.362860875599552E-6
6.358317474394817E-6
6.3524096391910875E-6
6.350382030850429E-6
6.342324158154612E-6
6.247601528735051E-6
6.284596982571856E-6
6.246585410374674E-6
6.2485374952659E-6
6.186374987674799E-6
6.164030167510262E-6
6.1598696660793305E-6
6.159416636091455E-6
6.205932080310861E-6
6.17345374891315E-6
6.159103699376169E-6
6.204436808376199E-6
6.1490198636425555E-6
6.1392240946218975E-6
6.162964738647997E-6
6.154676945241133E-6
6.185253152252091E-6
6.2411114402720825E-6
6.207130932730941E-6
6.229797874210968E-6
6.264562327088196E-6
6.200319819203607E-6
6.179287671953049E-6
6.151093077799353E-6
6.1802166081912395E-6
6.147851197331965E-6
6.0606592501021704E-6
6.071999830299661E-6
6.083096404747341E-6
6.061822276321628E-6
6.036258894084504E-6
6.013407248050839E-6
6.05298018066624E-6
6.020073894866756E-6
6.052340661192801E-6
6.056828491293746E-6
6.161515744582841E-6
6.116021940666542E-6
6.136258393925964E-6
6.085044676621271E-6
6.081555046563886E-6
6.098564930117776E-6
6.095148500589436E-6
6.128001928788501E-6
6.119145949868192E-6
6.171233971370514E-6
6.144427732888674E-6
6.129961416954491E-6
6.2130029947277065E-6
6.18322909009611E-6
6.114134569879185E-6
6.102543639143283E-6
6.104793229633535E-6
6.110547621830266E-6
6.077186322704199E-6
6.048971300802338E-6
6.033739167026383E-6
6.023868200866475E-6
5.988865420375322E-6
6.004997513932701E-6
6.0398333827908284E-6
6.055507094160268E-6
6.058348271517097E-6
6.075148391654539E-6
6.0888647055291995E-6
6.040124084342974E-6
6.044961238968421E-6
6.0558215295927725E-6
6.044742687585848E-6
6.091046972770845E-6
6.098960645150938E-6
6.09187804484846E-6
6.177895660021422E-6
6.182222141809339E-6
6.161035929685828E-6
6.179458695884916E-6
6.200551604529695E-6
6.2453948096531E-6
6.285554506896069E-6
6.374040070318288E-6
6.488221853210704E-6
6.448871360784077E-6
6.45461315044562E-6
6.48441009851905E-6
6.500020286954444E-6
6.505052159603967E-6
6.485617728743739E-6
6.457288284208207E-6
6.4355591728489654E-6
6.471194843525081E-6
6.4156138379267575E-6
6.400534707943113E-6
6.445190210827291E-6
6.406628903256068E-6
6.343231430497816E-6
6.345767510348856E-6
6.249576037196959E-6
6.256842581711843E-6
6.252038810979561E-6
6.24726839227724E-6
6.1855308101243166E-6
6.172092707951203E-6
6.168167140391591E-6
6.179333593608741E-6
6.236113369883104E-6
6.146466790317967E-6
6.1569295657213975E-6
6.1370267126912934E-6
6.15532396565066E-6
6.121886080266014E-6
6.1024170257975565E-6
6.096320022569446E-6
6.092460976664098E-6
6.131755800188891E-6
6.06500282042018E-6
6.054163782870902E-6
5.984694433066514E-6
5.97833085074835E-6
5.832643016391003E-6
5.906149267784573E-6
5.886841055858781E-6
5.8551526354346775E-6
5.907305286691806E-6
5.9183498654484E-6
5.9338826633550215E-6
5.916586698865868E-6
5.961467111990522E-6
5.932450617957605E-6
5.884847825673585E-6
5.916288111432116E-6
6.024668714158646E-6
5.988738995582318E-6
5.996835815860328E-6
6.00749406568491E-6
5.978922429063432E-6
5.918599698220881E-6
5.886708477200772E-6
5.883609990321498E-6
5.873235285445463E-6
5.889350478098158E-6
5.8716627232052755E-6
5.778800041012074E-6
5.7843961869296385E-6
5.819127143140378E-6
5.824830322748914E-6
5.814588373462406E-6
5.873391676594841E-6
5.849894359491044E-6
5.879779517678301E-6
5.9013123745207516E-6
5.8402218203507576E-6
5.849345851556672E-6
5.824938939151928E-6
5.794309926333128E-6
5.840728645782934E-6
5.907978749089554E-6
5.885883255497476E-6
5.864263116829584E-6
5.87565550494604E-6
5.882705777949197E-6
5.847235579397653E-6
5.823150739010305E-6
5.884943904452142E-6
5.843009134619305E-6
5.840391249115244E-6
5.873202424492241E-6
5.899499010935089E-6
5.867570901562673E-6
5.876551210220178E-6
5.808139396351798E-6
5.722605957153303E-6
5.732345124070328E-6
5.733126467006358E-6
5.6945705542071565E-6
5.7181364288436126E-6
5.690308106155521E-6
5.688268691768051E-6
5.684213427020131E-6
5.704824606517775E-6
5.730478478302692E-6
5.726812337827091E-6
5.655878610599989E-6
5.613575413693675E-6
5.5941950401205535E-6
5.61274142191639E-6
5.5366791175725725E-6
5.556582303523383E-6
5.552537332661955E-6
5.5370282453852225E-6
5.537860409716277E-6
5.552084600165599E-6
5.497878389552503E-6
5.461701909145135E-6
5.449349640941984E-6
5.430500743274245E-6
5.406073288897142E-6
5.419711906074765E-6
5.424594364186152E-6
5.4527174009315346E-6
5.449374605055193E-6
5.4351638065377036E-6
5.410123355329216E-6
5.404818601729096E-6
5.40940294506848E-6
5.4030535930121715E-6
5.431849050276808E-6
5.4095444527477526E-6
5.403182374342283E-6
5.3505801299724E-6
5.31996129404866E-6
5.3543980189844515E-6
5.320681345439631E-6
5.245923658848973E-6
5.320167421487825E-6
5.30925047360732E-6
5.347372892191479E-6
5.39854901833859E-6
5.345317654090103E-6
5.278128535568456E-6
5.308411595785213E-6
5.331162562458611E-6
5.320239965002358E-6
5.303945585808876E-6
5.317428243117548E-6
5.325937073991106E-6
5.282662393800941E-6
5.2357505251222556E-6
5.221629976360051E-6
5.183891894298558E-6
5.197034127225178E-6
5.67973186526132E-6
5.726364479428784E-6
5.787488876647035E-6
5.785712477783979E-6
5.799400934329108E-6
5.819576728833618E-6
5.819708407468152E-6
5.805994206700124E-6
5.8171077915188904E-6
5.829593096407915E-6
5.789695039594035E-6
5.79495005123353E-6
5.826164537435612E-6
5.813753181895792E-6
5.795997088622931E-6
5.78393157313132E-6
5.793460033264322E-6
5.812288013338079E-6
5.82773478994639E-6
5.857636107750693E-6
5.86321551886453E-6
5.910567369571604E-6
5.913604109961872E-6
5.906320037040731E-6
5.903674500338114E-6
5.8673114428081E-6
5.879256692130407E-6
5.8785074928924155E-6
5.859002315727599E-6
5.872620212353773E-6
5.843002513827037E-6
5.931120848987593E-6
5.894687005116453E-6
5.905626480177701E-6
5.880704771492977E-6
5.925378377751598E-6
5.8995088455853224E-6
5.92779993593561E-6
5.914361458480477E-6
5.88768891304698E-6
5.9186213553153775E-6
5.924698962826662E-6
5.9500798623628935E-6
5.982563038990328E-6
6.0083468495743135E-6
6.000700096215389E-6
5.996201278565894E-6
5.977181818727443E-6
5.957841957246262E-6
5.984759269076841E-6
5.953275889121483E-6
5.927679930254244E-6
5.936429030931816E-6
5.893894269617606E-6
5.915711136284125E-6
5.889047693547742E-6
5.854593862600758E-6
5.82306035530741E-6
5.839872595115534E-6
5.804910402649213E-6
5.780824649720468E-6
5.779496302170962E-6
5.769452757170897E-6
5.7628069044059835E-6
5.791380970445452E-6
5.779496062199453E-6
5.770581915106946E-6
5.735239606676875E-6
5.765785248928988E-6
5.803965272540156E-6
5.789123050053983E-6
5.75039521930731E-6
5.721257492785093E-6
5.77775972540425E-6
5.776034114747947E-6
5.777300453971912E-6
5.759738314287272E-6
5.785245433270626E-6
5.72755048814733E-6
5.700641508368404E-6
5.679475624287095E-6
5.6939123936083765E-6
5.696419469805973E-6
5.694732648067497E-6
5.637242163557148E-6
5.60742668329553E-6
5.588719414140045E-6
5.603933989967867E-6
5.6207255502379595E-6
5.614247439793176E-6
5.6301187489306244E-6
5.643575507221643E-6
5.595886540783131E-6
5.585714619864194E-6
5.606490391534841E-6
5.593001341093678E-6
5.6208337919076745E-6
5.639675725646045E-6
5.633557951298684E-6
5.605962322841134E-6
5.603089722113113E-6
5.59409580989355E-6
5.641525511932186E-6
5.6535739797993875E-6
5.668105337641161E-6
5.675777845094058E-6
5.648605484544097E-6
5.725014879644512E-6
5.68780035719464E-6
5.70342476623337E-6
5.6725125629264515E-6
5.662341301848211E-6
5.6913924502078684E-6
5.6861847913595836E-6
5.703896520204949E-6
5.7261193734800695E-6
5.707366822812932E-6
5.715315434479334E-6
5.700265351993522E-6
5.7291702423469925E-6
5.741075139473385E-6
5.761397992314438E-6
5.795066406616332E-6
5.783410866173767E-6
5.796623088494158E-6
5.785366592426091E-6
5.837642762348964E-6
5.812693220079471E-6
5.8440099370477805E-6
5.810981005397786E-6
5.827110831363963E-6
5.847095058783511E-6
5.833651907426144E-6
5.871857651087252E-6
5.916667465064545E-6
5.872072743379088E-6
5.879023788247073E-6
5.877775616387642E-6
5.853270859758077E-6
5.809204242405836E-6
5.792752277798278E-6
5.824408742633814E-6
5.7908716541722075E-6
5.765561107836128E-6
5.752093652622046E-6
5.767087272680912E-6
5.762368978777439E-6
5.787454558608081E-6
5.804792600408642E-6
5.802654619344339E-6
5.790214438980625E-6
5.783462208142451E-6
5.700666470663994E-6
5.677992696622557E-6
5.669116995607896E-6
5.703966651054023E-6
5.617248562587795E-6
5.6077787083854866E-6
5.606015590942095E-6
5.644143459856974E-6
5.632785347267942E-6
5.657640263916545E-6
5.633036373649951E-6
5.664424366380431E-6
5.628830368906193E-6
5.660028337644843E-6
5.607485832243501E-6
5.608210875560988E-6
5.592472742232894E-6
5.573133996227129E-6
5.571361357620017E-6
5.567658146899854E-6
5.557301371612411E-6
5.5283929465640205E-6
5.586882516637728E-6
5.592623635680252E-6
5.564141719606229E-6
5.5757736120316354E-6
5.5937787779426495E-6
5.582820555442766E-6
5.614489191068662E-6
5.62146918909782E-6
5.642388623017027E-6
5.623246987275158E-6
5.606129491797725E-6
5.590140678615118E-6
5.571225006882661E-6
5.609704138659338E-6
5.552642691590702E-6
5.534767249680542E-6
5.536342678202195E-6
5.523169601220334E-6
5.5279692075877494E-6
5.492589676897009E-6
5.52788643522508E-6
5.528477189120484E-6
5.530311681570505E-6
5.518342212964733E-6
5.5292112906996115E-6
5.525478012515843E-6
5.526837204019658E-6
5.5161874507998445E-6
5.523249669900009E-6
5.511512636299961E-6
5.488364323604181E-6
5.504876096610522E-6
5.4862194135942945E-6
5.458461535771573E-6
5.461315991355516E-6
5.507524932750735E-6
5.478843813406736E-6
5.474397183184416E-6
5.5078329647811056E-6
5.478625591320904E-6
5.468753880626025E-6
5.551035031630054E-6
5.578854409802361E-6
5.567977783689065E-6
5.540431283009347E-6
5.567448681793649E-6
5.5538664455366695E-6
5.57830272077198E-6
5.578713344131071E-6
5.549491146367903E-6
5.5634674341772285E-6
5.525720716075948E-6
5.563958862820396E-6
5.554676273444203E-6
5.503683613043612E-6
5.54293701583563E-6
5.5690988623701975E-6
5.578284856442662E-6
5.55345340803736E-6
5.5325770529144665E-6
5.514364153252583E-6
5.472527525801752E-6
5.503257785640535E-6
5.4835054978081415E-6
5.470580908432594E-6
5.5390739582465076E-6
5.522534383761559E-6
5.509035772390475E-6
5.51768490144457E-6
5.5304965727362695E-6
5.573410931564352E-6
5.569096407146577E-6
5.540071662047158E-6
5.5122440080162934E-6
5.476036692827199E-6
5.498254070927203E-6
5.549058177419212E-6
5.573947418287774E-6
5.56957944585934E-6
5.5872123509520885E-6
5.567498745199285E-6
5.575492700544144E-6
5.56734704691314E-6
5.541140855460695E-6
5.5572813787039624E-6
5.572355316787221E-6
5.5332242911492116E-6
5.475721002672307E-6
5.476182282375704E-6
5.481776919553803E-6
5.475251129404751E-6
5.510443629272535E-6
5.481621751439785E-6
5.466434714288448E-6
5.439677701097208E-6
5.402186018013884E-6
5.375721971490909E-6
5.3667266940952085E-6
5.371817691323848E-6
5.389624692060882E-6
5.394482144660855E-6
5.414008779651872E-6
5.4083880561810055E-6
5.420350300809345E-6
5.4087850630765425E-6
5.388050597141858E-6
5.401758411980471E-6
5.376423231693836E-6
5.406471746806485E-6
5.431901566451287E-6
5.438747913840647E-6
5.487694464054003E-6
5.480185319608143E-6
5.4553766209147E-6
5.447116046839662E-6
5.429187659218678E-6
5.413455998118421E-6
5.416518915706376E-6
5.424141865845313E-6
5.417319683589663E-6
5.409722551628901E-6
5.3881475966878945E-6
5.399274717510725E-6
5.410685152137962E-6
5.376351900297932E-6
5.351793618215002E-6
5.35997580778243E-6
5.401639143934411E-6
5.35644585113956E-6
5.3523212794312204E-6
5.363906117050145E-6
5.403300311070875E-6
5.360675843012975E-6
5.319774859439068E-6
5.314229658168854E-6
5.388712116440595E-6
5.3631680908210695E-6
5.3421527119398055E-6
5.350534290631689E-6
5.324747432330347E-6
5.379318729958181E-6
5.380042115495601E-6
5.388302084042903E-6
5.363703871281099E-6
5.3954813545932155E-6
5.405698799176415E-6
5.389790926370746E-6
5.366085866148644E-6
5.347098290947982E-6
5.366313017504073E-6
5.384389357176702E-6
5.3715787744890826E-6
5.40200466936134E-6
5.388644958548792E-6
5.40152667849279E-6
5.419758427660367E-6
5.418475631135509E-6
5.389699954452261E-6
5.3850758980304355E-6
5.4021299888421425E-6
5.408640843271159E-6
5.4236652296651905E-6
5.405110818925048E-6
5.4347259034770704E-6
5.387432511388032E-6
5.389162658702522E-6
5.37196529748015E-6
5.397821140402369E-6
5.387137546465864E-6
5.388042229096909E-6
5.382720321131201E-6
5.36939201445392E-6
5.370893697234058E-6
5.346135974407472E-6
5.342679666002993E-6
5.356393644737412E-6
5.3447791749668255E-6
5.391142522989843E-6
5.429539515580288E-6
5.451080039591949E-6
5.525023121199541E-6
5.48983630482465E-6
5.487064918891878E-6
5.446320754302169E-6
5.450671604028802E-6
5.426317398855032E-6
5.424377432182619E-6
5.3952458292612255E-6
5.373313695010959E-6
5.366138075180445E-6
5.3285984478137785E-6
5.330193039987894E-6
5.327753527204473E-6
5.337401154740676E-6
5.304362259462333E-6
5.318544657983596E-6
5.314304164177305E-6
5.325507415900686E-6
5.343777985545048E-6
5.3521990075371185E-6
5.371511990257703E-6
5.363653686406566E-6
5.361488751069543E-6
5.414612290560473E-6
5.437828726965576E-6
5.403019313822722E-6
5.354176925379411E-6
5.3385594157029805E-6
5.3390499310102745E-6
5.3232547925406305E-6
5.293465557428854E-6
5.332065506342703E-6
5.341956212321383E-6
5.367218189156103E-6
5.383943280048172E-6
5.429246251296833E-6
5.419447015100131E-6
5.432958646662769E-6
5.454647909045407E-6
5.467522259692159E-6
5.476301994763025E-6
5.488336101306212E-6
5.492580348331831E-6
5.498573293049896E-6
5.49293660115529E-6
5.459495404464668E-6
5.505425991090193E-6
5.486017361273023E-6
5.507445692906662E-6
5.514133508934614E-6
5.508381482900459E-6
5.539856445480822E-6
5.541882930593777E-6
5.53343072973755E-6
5.482728927913787E-6
5.496144031069392E-6
5.48647658275931E-6
5.461093801601406E-6
5.456330633678579E-6
5.4570082921613645E-6
5.471327729910784E-6
5.445067174541043E-6
5.493057358017711E-6
5.460765495509478E-6
5.482216595928538E-6
5.479024276136767E-6
5.4952204231387055E-6
5.465365538907339E-6
5.477034850589229E-6
5.485729902764677E-6
5.4846751330689515E-6
5.512436165805507E-6
5.513668957786916E-6
5.506471363601572E-6
5.513039863821513E-6
5.49794201518398E-6
5.508812069813648E-6
5.502881370642356E-6
5.492657383868731E-6
5.5121582209897554E-6
5.516343925852477E-6
5.504773385057264E-6
5.487238037548019E-6
5.52230731646003E-6
5.52356072988005E-6
5.542816617639217E-6
5.5417685825722E-6
5.469722779074461E-6
5.458401395939305E-6
5.535637772509085E-6
5.481877858702965E-6
5.502707142485274E-6
5.505060216309966E-6
5.502379313309372E-6
5.483124751155097E-6
5.507781863548113E-6
5.497644750081877E-6
5.502911336132792E-6
5.496543266451882E-6
5.4707450450880455E-6
5.434418997761194E-6
5.429366725137756E-6
5.417286885812798E-6
5.431048311857366E-6
5.412170521634195E-6
5.435567405337523E-6
5.414627870296705E-6
5.435133156599234E-6
5.462640506741548E-6
5.494712092946623E-6
5.510209076147362E-6
5.496371871783181E-6
5.497646336622858E-6
5.48851448724408E-6
5.462531819489511E-6
5.510397768545213E-6
5.493350856653235E-6
5.473965716971103E-6
5.467014216789542E-6
5.435047693590056E-6
5.416691996519611E-6
5.4283293867500086E-6
5.421083986365598E-6
5.41651365570454E-6
5.468519070932679E-6
5.426580758045183E-6
5.447386861857394E-6
5.406613880503692E-6
5.375663859280645E-6
5.405861531407056E-6
5.403728245188237E-6
5.391108936487861E-6
5.396674287597843E-6
5.433432756648247E-6
5.4345116605436534E-6
5.457681607481467E-6
5.483743414205475E-6
5.534926143363487E-6
5.567220156126688E-6
5.541519411558159E-6
5.573984233316062E-6
5.578586650476807E-6
5.546618010482894E-6
5.516523443627562E-6
5.55906527355999E-6
5.5288849946598515E-6
5.5579735532928905E-6
5.596580530693872E-6
5.551376663940723E-6
5.549526280440933E-6
5.5522756226773215E-6
5.5543421370148716E-6
5.544120670413315E-6
5.526337934603809E-6
5.535091296197525E-6
5.524277781480482E-6
5.531506914854222E-6
5.528012444156437E-6
5.516350368523798E-6
5.524272695192014E-6
5.521201230851112E-6
5.509993271602265E-6
5.516908075832565E-6
5.523504306224056E-6
5.484483390709292E-6
5.513588492150929E-6
5.534373149149517E-6
5.517716624292117E-6
5.502623100753764E-6
5.523743526856218E-6
5.530992884124988E-6
5.500360405556304E-6
5.503984414664067E-6
5.486709078521921E-6
5.504119945767399E-6
5.4799011015500415E-6
5.514229207325021E-6
5.490631317616639E-6
5.489149454987024E-6
5.4508584292322484E-6
5.508965736750375E-6
5.5123160217022845E-6
5.508340821801536E-6
5.502882790358061E-6
5.515146554338017E-6
5.523433966202312E-6
5.514364184644749E-6
5.496542319580034E-6
5.500064868360381E-6
5.549623348381668E-6
5.51754694275638E-6
5.539470790074085E-6
5.569939088606731E-6
5.5906366993915475E-6
5.593822611658548E-6
5.563962554200839E-6
5.588118790129992E-6
5.6080835394643835E-6
5.573745737265941E-6
5.571966179252882E-6
5.5774077937663945E-6
5.578936389813838E-6
5.57667643630188E-6
5.5871689704809076E-6
5.593135421547171E-6
5.565063963827847E-6
5.560894994913421E-6
5.597613750808418E-6
5.637640814187986E-6
5.684017026588826E-6
5.694890333992271E-6
5.732814453098701E-6
5.740686407159101E-6
5.706501788035953E-6
5.666798607756693E-6
5.610102943924975E-6
5.6151639858332925E-6
5.625484238416858E-6
5.634825592945175E-6
5.642907631380501E-6
5.64988122074389E-6
5.62323920871356E-6
5.608017904306613E-6
5.5947037276889305E-6
5.591267498726989E-6
5.596638568533942E-6
5.622943496611522E-6
5.645451083527724E-6
5.66523482633361E-6
5.667151896559693E-6
5.651750384978859E-6
5.658006510922654E-6
5.6703981422247045E-6
5.622486180754611E-6
5.6021775551138255E-6
5.602883041656972E-6
5.5950628280813595E-6
5.643637041447992E-6
5.638569289256713E-6
5.627102875780797E-6
5.6449362604512456E-6
5.582709283832372E-6
5.583668780697954E-6
5.6069378608109775E-6
5.665364871630458E-6
5.649864090010355E-6
5.663665026722312E-6
5.709117305915185E-6
5.707608113856487E-6
5.7431900549667094E-6
5.698281582692652E-6
5.6944363109999985E-6
5.670736801799199E-6
5.673053861949137E-6
5.689647096264688E-6
5.703146345837566E-6
5.692145081846219E-6
5.662698257837024E-6
5.643927014423271E-6
5.6556916728099915E-6
5.682863021358552E-6
5.675897972114159E-6
5.694719947172714E-6
5.682935925123783E-6
5.685056863752054E-6
5.705929225741909E-6
5.717258169873629E-6
5.705464139422446E-6
5.705274728134435E-6
5.6946221872910284E-6
5.694561017654874E-6
5.7084512953324914E-6
5.717134150231123E-6
5.7207642045967666E-6
5.689435678099181E-6
5.657202039183028E-6
5.64320466764912E-6
5.637319068008165E-6
5.643040681600537E-6
5.6393677696060275E-6
5.617176752163763E-6
5.594757959854957E-6
5.613998796555726E-6
5.615673959027976E-6
5.6007376719556255E-6
5.573849305860173E-6
5.59779005980891E-6
5.552586246698684E-6
5.57785793602999E-6
5.593916783694399E-6
5.5932937140981035E-6
5.5816730504549386E-6
5.519375930857606E-6
5.515408108384681E-6
5.510370696684811E-6
5.480062798054334E-6
5.502615425337269E-6
5.494656335094492E-6
5.4865864719003645E-6
5.513267086835531E-6
5.487314621086015E-6
5.4962279124270465E-6
5.4903960855167215E-6
5.537615490776521E-6
5.555069668278459E-6
5.545612596379142E-6
5.533254827471804E-6
5.56323216598734E-6
5.543220897438244E-6
5.560164379360192E-6
5.5599251112321955E-6
5.574445835480857E-6
5.6042604427002135E-6
5.5833799159009126E-6
5.564971419285882E-6
5.540393664648591E-6
5.547128730912638E-6
5.557197360961823E-6
5.580148602126469E-6
5.585902731302361E-6
5.539507761735279E-6
5.521872433626877E-6
5.516090064637853E-6
5.50642609825286E-6
5.514788168495229E-6
5.474684422205479E-6
5.467929075565108E-6
5.4737310577990664E-6
5.495510314462843E-6
5.54795737783375E-6
5.548168212118697E-6
5.527374249700251E-6
5.510275499308316E-6
5.549891492053033E-6
5.508399123660786E-6
5.515819459041427E-6
5.507130377140136E-6
5.499234709022575E-6
5.482335019954028E-6
5.52370519754195E-6
5.555620643446066E-6
5.567847897642911E-6
5.607568574412653E-6
5.6095232223528E-6
5.6033063759190715E-6
5.601768122733092E-6
5.616625209159399E-6
5.546980153395827E-6
5.541503556164651E-6
5.546948051203473E-6
5.530303285500215E-6
5.543242165742941E-6
5.554565794043945E-6
5.556528433797495E-6
5.522280059351994E-6
5.5000711551503066E-6
5.51174797702691E-6
5.500577574429368E-6
5.505805725932221E-6
5.486677885582378E-6
5.471483127580328E-6
5.4687473418945595E-6
5.470612105590317E-6
5.538443174532276E-6
5.534339266893215E-6
5.531813344288562E-6
5.55431974613021E-6
5.578778503697373E-6
5.5854551252555785E-6
5.583766394018393E-6
5.572871297213732E-6
5.559503059961404E-6
5.562221727780045E-6
5.521365580474816E-6
5.543833747343956E-6
5.546022134767906E-6
5.527607262599938E-6
5.5316222080042765E-6
5.547026444316768E-6
5.553077623020694E-6
5.574166403450434E-6
5.530380228696322E-6
5.515799201847113E-6
5.543197683174015E-6
5.530339917451343E-6
5.58074275687105E-6
5.58496191962112E-6
5.600701717841764E-6
5.649225074133559E-6
5.650196802442566E-6
5.6162148510972244E-6
5.6345103544839185E-6
5.612783019478584E-6
5.5804246818453686E-6
5.580674274829698E-6
5.522783952942554E-6
5.519867853273796E-6
5.521425172090599E-6
5.492320248130167E-6
5.49061130611673E-6
5.4800216116675354E-6
5.482038201865954E-6
5.471288975082458E-6
5.44801902922061E-6
5.442364775175847E-6
5.4389631137217155E-6
5.448584560533005E-6
5.415117584660075E-6
5.3892491794080376E-6
5.374952857365464E-6
5.404805895773213E-6
5.38401172137758E-6
5.368287334566685E-6
5.384471947300127E-6
5.370310063336689E-6
5.367264560085179E-6
5.391201282270484E-6
5.3937126492203575E-6
5.376241577052229E-6
5.426168813566532E-6
5.426072215914359E-6
5.463107647894891E-6
5.4960758176127975E-6
5.478863768079179E-6
5.474582729415311E-6
5.432304832590229E-6
5.440967054267964E-6
5.448568744948757E-6
5.466432491617636E-6
5.4662729479191365E-6
5.47929330171135E-6
5.4701014926488936E-6
5.449758123487031E-6
5.456190830379244E-6
5.454500255422501E-6
5.441846870703305E-6
5.385274855174731E-6
5.392327865518663E-6
5.358460605535502E-6
5.344122772871649E-6
5.277165410528066E-6
5.295485093957386E-6
5.302955954372692E-6
5.290778859827426E-6
5.275499540143813E-6
5.304053151562542E-6
5.329952322150387E-6
5.318417461964902E-6
5.335796127149851E-6
5.292294841487196E-6
5.310710319081699E-6
5.297875329002218E-6
5.284115961770459E-6
5.263497831522588E-6
5.244047609395083E-6
5.222105402605908E-6
5.230901833000329E-6
5.243877082395077E-6
5.269744464923931E-6
5.236916243377798E-6
5.2473308742094786E-6
5.284757562211806E-6
5.285609070031808E-6
5.281310678368823E-6
5.307259744444628E-6
5.3146962646140685E-6
5.343209097980974E-6
5.363614090941262E-6
5.344745539454607E-6
5.330653223079804E-6
5.319811414400167E-6
5.32926979759342E-6
5.355727897594074E-6
5.351943977168366E-6
5.299355930853422E-6
5.32212688665072E-6
5.332192695241275E-6
5.351073830112209E-6
5.332449874415987E-6
5.330012653605264E-6
5.366131468270122E-6
5.327109160866262E-6
5.322760759187408E-6
5.299539407055603E-6
5.277511029019909E-6
5.270732659955641E-6
5.221932012526837E-6
5.254284005620928E-6
5.263877122480755E-6
5.251893193437669E-6
5.228628540411656E-6
5.24292374596074E-6
5.2484190348695545E-6
5.229453014753785E-6
5.225913351125447E-6
5.229695896555803E-6
5.208900118971271E-6
5.227317223761151E-6
5.219644604075029E-6
5.2104749453517825E-6
5.235584843351817E-6
5.255519520645124E-6
5.248816533122031E-6
5.22810640292955E-6
5.22411523460883E-6
5.22502604460511E-6
5.21063974721281E-6
5.249179051719515E-6
5.328340816199319E-6
5.332799310138678E-6
5.24747814652911E-6
5.2385076025165615E-6
5.2521612139254226E-6
5.304595248112588E-6
5.279118982207726E-6
5.291242377564471E-6
5.2933570920277156E-6
5.285798691333794E-6
5.29115040695716E-6
5.296292890928911E-6
5.305084981353238E-6
5.321068471129947E-6
5.3348559397952825E-6
5.319872391154395E-6
5.364085796963725E-6
5.346941783470896E-6
5.326806274619702E-6
5.326713588254835E-6
5.334481722259928E-6
5.360604874904455E-6
5.413890387283924E-6
5.429522314069119E-6
5.419841056578116E-6
5.44975255115588E-6
5.453661149959432E-6
5.469099017526135E-6
5.464978646292287E-6
5.556908505263238E-6
5.54298874308312E-6
5.551579524369578E-6
5.567266635258552E-6
5.551123343607283E-6
5.5546454731417775E-6
5.5728098507589874E-6
5.5439762586137735E-6
5.574478549099051E-6
5.553697702270346E-6
5.549938559362723E-6
5.497252743146616E-6
5.481194769478218E-6
5.488689381705536E-6
5.486341526947297E-6
5.478847201003728E-6
5.524976277569081E-6
5.5162373677717185E-6
5.525447667538782E-6
5.500325667651325E-6
5.4862182127411E-6
5.5054485575584155E-6
5.5141746377939315E-6
5.543996438809974E-6
5.566079714216299E-6
5.544324641365594E-6
5.554283703120064E-6
5.527583853096619E-6
5.533873412978386E-6
5.558146381279462E-6
5.55539729557656E-6
5.582517507044553E-6
5.560144885016828E-6
5.496274086405831E-6
5.4891225736444796E-6
5.5081021980749035E-6
5.481984587615564E-6
5.469233874253876E-6
5.478517711965788E-6
5.470007191204239E-6
5.491791815464463E-6
5.500315906490681E-6
5.520430532882111E-6
5.497525337985408E-6
5.514126590552569E-6
5.5361939674956924E-6
5.57849601504591E-6
5.562610642757592E-6
5.497851699455178E-6
5.438584839673747E-6
5.451044066460819E-6
5.429347982001339E-6
5.448449522495632E-6
5.439632234836736E-6
5.436445424514515E-6
5.409082864636304E-6
5.391764373983272E-6
5.426776537763164E-6
5.456753882878329E-6
5.440163005504653E-6
5.442572432223891E-6
5.449189258393517E-6
5.455695897042573E-6
5.384828445424684E-6
5.334023940250787E-6
5.324501098978065E-6
5.333513576713592E-6
5.351734615118696E-6
5.3450643646872865E-6
5.272622314258293E-6
5.259932050691789E-6
5.251298376872888E-6
5.252896200699215E-6
5.2560315342789555E-6
5.267823528987893E-6
5.264673638336851E-6
5.296758291567577E-6
5.2688077469157716E-6
5.281675465310212E-6
5.287376708540638E-6
5.254153878424487E-6
5.229372766946313E-6
5.264522438832236E-6
5.201120625405859E-6
5.205947010898242E-6
5.168778353412197E-6
5.2041167032906975E-6
5.157860462164978E-6
5.1740794162180864E-6
5.133139304858086E-6
5.152434693188351E-6
5.174328512553309E-6
5.144674590567056E-6
5.152858406048513E-6
5.187456424772251E-6
5.174379444854008E-6
5.152124338683173E-6
5.163780222669691E-6
5.2020341055155244E-6
5.206776375399048E-6
5.2142629750166E-6
5.220722405916142E-6
5.189676708081211E-6
5.200589239720991E-6
5.195337997618826E-6
5.149441391255326E-6
5.146808326063748E-6
5.211350176060844E-6
5.181846240979893E-6
5.191126887502817E-6
5.221808004573718E-6
5.276625500906661E-6
5.270338029939158E-6
5.316338894816084E-6
5.299410326966377E-6
5.302264982880778E-6
5.308789825238143E-6
5.3031716552322925E-6
5.298775822650024E-6
5.388264402848643E-6
5.382991723073428E-6
5.375999762291739E-6
5.442034014090854E-6
5.451362675398987E-6
5.411591095975719E-6
5.414489157832709E-6
5.410819117547884E-6
5.452170847875135E-6
5.422932011467824E-6
5.429181303673932E-6
5.363560951589986E-6
5.4128598417339394E-6
5.393850156084642E-6
5.402769823293E-6
5.423874257639784E-6
5.442776980649147E-6
5.467920678245289E-6
5.446658918416945E-6
5.419457219293043E-6
5.431336955582631E-6
5.431746074486837E-6
5.437044495027981E-6
5.449897114640974E-6
5.445240128128202E-6
5.349645884992703E-6
5.368805383751256E-6
5.424691460831463E-6
5.4077535548780335E-6
5.397704043529793E-6
5.415401120476291E-6
5.4117594031856466E-6
5.411727688536518E-6
5.400354802076083E-6
5.40167354054716E-6
5.410980037331525E-6
5.4358585308887926E-6
5.440093145967945E-6
5.4615202797160254E-6
5.4279640235639E-6
5.441381679155239E-6
5.443786820722551E-6
5.45022538351348E-6
5.441613870627148E-6
5.448172501442865E-6
5.5330752242807486E-6
5.534460605176855E-6
5.558014916538118E-6
5.559754106695702E-6
5.541615665623202E-6
5.518351501015795E-6
5.492797520708601E-6
5.550144113984196E-6
5.590867107081485E-6
5.595475835808868E-6
5.59830155633799E-6
5.548564268361674E-6
5.494800407073657E-6
5.5561771051042915E-6
5.516940834404334E-6
5.508937639646201E-6
5.4942265053516345E-6
5.491028527801255E-6
5.473661486666814E-6
5.480084541958491E-6
5.483194531483172E-6
5.462055099654413E-6
5.42341118006555E-6
5.421006417003473E-6
5.518375166905736E-6
5.535535578901556E-6
5.5408318040635174E-6
5.536749165960231E-6
5.552948040772668E-6
5.5588104999377156E-6
5.5133724213669874E-6
5.552104557958987E-6
5.602712384837511E-6
5.542231728310016E-6
5.573798425374337E-6
5.523896655920846E-6
5.514629668385127E-6
5.423220791867582E-6
5.413357317146497E-6
5.398395038481308E-6
5.356471552456123E-6
5.3518679848107895E-6
5.335224477989749E-6
5.350420264225895E-6
5.343785815142399E-6
5.343576627364923E-6
5.321032976155434E-6
5.32183754255973E-6
5.345518458648446E-6
5.33200310313014E-6
5.353551871373552E-6
5.351444856453834E-6
5.363330798049703E-6
5.376763718859177E-6
5.40749247797468E-6
5.440742851571434E-6
5.436920709317951E-6
5.478485420287133E-6
5.44633087090508E-6
5.429482641939489E-6
5.444144291670752E-6
5.460484784115109E-6
5.455009556710888E-6
5.451138635395431E-6
5.447037502511434E-6
5.435641892570339E-6
5.4808418799600094E-6
5.495877792940835E-6
5.475825203219586E-6
5.4596027305265146E-6
5.416225947126545E-6
5.399072086789512E-6
5.390441817705144E-6
5.393049605486201E-6
5.341084878718856E-6
5.333598661875104E-6
5.376515402499932E-6
5.35423846222729E-6
5.346732318591104E-6
5.333615675742528E-6
5.2241097770411504E-6
5.233863399418585E-6
5.302443734436733E-6
5.308374431044495E-6
5.794300995037742E-6
5.800370761775637E-6
5.801170816414795E-6
5.7815919923029045E-6
5.782927536951058E-6
5.741726803588416E-6
5.702202123127647E-6
5.725367788347631E-6
5.7053965568791925E-6
5.711230866202365E-6
5.768669094560952E-6
5.788546260359904E-6
5.7924863560247605E-6
5.756835803947647E-6
5.776176222060089E-6
5.756689051759837E-6
5.748840881765267E-6
5.725709661198952E-6
5.710674875519212E-6
5.69153715294957E-6
5.674251261142882E-6
5.644060337997407E-6
5.6273413795451E-6
5.6576280345880455E-6
5.653873997188826E-6
5.660686413367397E-6
5.64758708621416E-6
5.638384321302372E-6
5.596798111180703E-6
5.600805192401244E-6
5.62873711581097E-6
5.6158665058638125E-6
5.598642564631032E-6
5.594350049871352E-6
5.619243046403285E-6
5.5851417901747305E-6
5.604141271981407E-6
5.602659916292964E-6
5.6117765986603725E-6
5.643419034290079E-6
5.629026112852589E-6
5.6284948302073245E-6
5.619108843356641E-6
5.5989734188049795E-6
5.575189147032568E-6
5.579333961618291E-6
5.595502671159154E-6
5.588152282808406E-6
5.59658120665636E-6
5.64733269649284E-6
5.652235615704792E-6
5.695891721690262E-6
5.736168423502953E-6
5.685116028279161E-6
5.705686186012596E-6
5.712801293630505E-6
5.706031030218883E-6
5.705419595145128E-6
5.691215268521017E-6
5.674659336172701E-6
5.700817123743259E-6
5.698704428172451E-6
5.733294762861169E-6
5.7545557592999895E-6
5.706637199152021E-6
5.73841520066227E-6
5.742213332992105E-6
5.753354320989678E-6
5.7565762001757E-6
5.739933551306109E-6
5.722714413377475E-6
5.718747372090995E-6
5.711159071918504E-6
5.732615364196209E-6
5.758808057037009E-6
5.783174451319898E-6
5.77169513107557E-6
5.764661239198398E-6
5.747879642196786E-6
5.770024611579389E-6
5.767724219536555E-6
5.801407230590313E-6
5.724626466705153E-6
5.648358501214046E-6
5.624529883467336E-6
5.628217456524461E-6
5.641199600403109E-6
5.646486583309453E-6
5.644568164540061E-6
5.630485410560099E-6
5.644522406987394E-6
5.659174816909247E-6
5.645078086318984E-6
5.645930959761356E-6
5.669501076798491E-6
5.652557951328209E-6
5.636507105765974E-6
5.641377237730887E-6
5.634516307970833E-6
5.647105750546536E-6
5.660414112116649E-6
5.648188225947669E-6
5.655785746445577E-6
5.638365153501262E-6
5.639381702266234E-6
5.633596353757245E-6
5.635470948246702E-6
5.646728633501688E-6
5.626994899543314E-6
5.592577305151854E-6
5.6141396783078206E-6
5.607976017611578E-6
5.58829162385751E-6
5.550421837900566E-6
5.5601352959373006E-6
5.527703299027085E-6
5.579946895265927E-6
5.580063712697009E-6
5.596982943058E-6
5.601661109895269E-6
5.593122424033706E-6
5.5650412602374465E-6
5.545089648206412E-6
5.558890581795689E-6
5.559440914734458E-6
5.581578950484095E-6
5.594524005741138E-6
5.570785335093665E-6
5.557799454323065E-6
5.539425172638734E-6
5.577088038610606E-6
5.6033556672777495E-6
5.635102227394089E-6
5.6324151818678636E-6
5.62101237817323E-6
5.591690394304004E-6
5.608643983399719E-6
5.610375122293614E-6
5.602153400102094E-6
5.588126496515422E-6
5.5897296528414404E-6
5.577018871734762E-6
5.606903843187854E-6
5.603491876636204E-6
5.598585658904422E-6
5.591782270471443E-6
5.611892664489738E-6
5.590010694281958E-6
5.592154706520843E-6
5.57007253407112E-6
5.571692808866455E-6
5.563000806636643E-6
5.574802612724103E-6
5.5981540376868955E-6
5.61919247230093E-6
5.583818418991782E-6
5.582187052115247E-6
5.570222543864494E-6
5.535332703066362E-6
5.506997396413259E-6
5.479104698818953E-6
5.431081545827909E-6
5.3881570493718685E-6
5.380299010788329E-6
5.382116726043381E-6
5.3916067698724605E-6
5.406935454990582E-6
5.424436473836564E-6
5.3903427452686766E-6
5.397607067392248E-6
5.420701957052713E-6
5.4549069754983676E-6
5.449418238885106E-6
5.485800389446961E-6
5.5336557592057724E-6
5.526742465921146E-6
5.549015507766832E-6
5.556959045460516E-6
5.580514820568664E-6
5.547399196426345E-6
5.546422009244846E-6
5.556020295916415E-6
5.545236760324327E-6
5.5548423325508065E-6
5.568653274202502E-6
5.544176121916453E-6
5.559307459366782E-6
5.563347015683008E-6
5.549348429865227E-6
5.5478878242231285E-6
5.563360859942754E-6
5.575473791812609E-6
5.502688964491227E-6
5.511929821115593E-6
5.500638362606297E-6
5.4941760664134114E-6
5.485365944189293E-6
5.491562890216828E-6
5.53597421031805E-6
5.5497843528634635E-6
5.5572807709968685E-6
5.576016868654455E-6
5.59518187474734E-6
5.601071306267424E-6
5.612517338079858E-6
5.64155996035301E-6
5.653644214232833E-6
5.619973200933364E-6
5.60011384649677E-6
5.616412012615944E-6
5.642861655044041E-6
5.654726582162588E-6
5.657168592165402E-6
5.675052766868148E-6
5.6829368074532715E-6
5.688485299966152E-6
5.702358903622089E-6
5.716824193837762E-6
5.694834715394226E-6
5.6750185994878165E-6
5.641201107572829E-6
5.657841817832481E-6
5.6643499712398774E-6
5.725416051768019E-6
5.715650548603316E-6
5.755838147271019E-6
5.7670733250886995E-6
5.791042197066058E-6
5.806350920857062E-6
5.825481627546977E-6
5.813097861043957E-6
5.8337394365586445E-6
5.823654556904926E-6
5.838090017153037E-6
5.816965256204042E-6
5.7864586355932445E-6
5.800454875690487E-6
5.8374860747432575E-6
5.890971541180609E-6
5.899166912236628E-6
5.896123798292124E-6
5.909710400348215E-6
5.9179471037988546E-6
5.940864212964916E-6
5.954664094967898E-6
5.981738131249304E-6
5.989576971887094E-6
6.007090566036157E-6
6.015625900971462E-6
6.006107561345831E-6
6.024678523276725E-6
6.037898408859871E-6
6.041493439236352E-6
6.017347169123036E-6
5.979156422091303E-6
5.94653781187727E-6
5.951730760661022E-6
5.9644343976749186E-6
5.937190857685444E-6
5.943357152446485E-6
5.935022807127509E-6
5.915718327075761E-6
5.9012867311026595E-6
5.886119878522842E-6
5.904579416661244E-6
5.881690684939495E-6
5.8706258488665705E-6
5.831233400320279E-6
5.8522015735853745E-6
5.87373736536341E-6
5.881852307824598E-6
5.868510954587004E-6
5.825068051317034E-6
5.822051257792198E-6
5.8137953482767E-6
5.769692116497045E-6
5.750934868344383E-6
5.729648883671841E-6
5.698336845169503E-6
5.6919809852196795E-6
5.7333995523381534E-6
5.751688290927428E-6
5.71742414364031E-6
5.713564747467306E-6
5.7403270089298605E-6
5.762603812236371E-6
5.777196230740786E-6
5.747871187250111E-6
5.796321180965311E-6
5.799137349102989E-6
5.766385226614269E-6
5.769100837986711E-6
5.751998823769699E-6
5.735780420131396E-6
5.752885374043506E-6
5.722220241719401E-6
5.6969865477431506E-6
5.6879173909685745E-6
5.707791897172573E-6
5.688900335482874E-6
5.690501588680049E-6
5.637854798148588E-6
5.631928163838958E-6
5.609625814600318E-6
5.590170127690227E-6
5.55314777209776E-6
5.5614977491432725E-6
5.569794428062782E-6
5.547787271975E-6
5.541893421807245E-6
5.570503808788995E-6
5.547514486842622E-6
5.53829535688903E-6
5.546480455281207E-6
5.514546794567923E-6
5.5077380027512795E-6
5.484754366748849E-6
5.5105320575519315E-6
5.52399887529874E-6
5.534454428726883E-6
5.521481953044961E-6
5.503674794847297E-6
5.536646297088603E-6
5.557829522609779E-6
5.5674026253343094E-6
5.561495817199593E-6
5.564963199063126E-6
5.525807118826958E-6
5.502520897539434E-6
5.48801975615054E-6
5.491933028154856E-6
5.481488565017937E-6
5.501568684668415E-6
5.540018249366106E-6
5.546801420592749E-6
5.532386610020266E-6
5.534540419670544E-6
5.5411261655712705E-6
5.559375012286235E-6
5.5609046016831495E-6
5.574511594727866E-6
5.605874816172151E-6
5.6192699694755755E-6
5.652361620515519E-6
5.666027811209914E-6
5.680295991233039E-6
5.653404485692986E-6
5.690719380116914E-6
5.72851624120757E-6
5.731978606476847E-6
5.66297699727357E-6
5.624614426016025E-6
5.61546525872275E-6
5.62422483774942E-6
5.621610975079447E-6
5.618496304278452E-6
5.627219537717244E-6
5.61131154863207E-6
5.598562166577832E-6
5.631603464484047E-6
5.598089069830928E-6
5.595131322585431E-6
5.598679121664993E-6
5.5791355243604745E-6
5.580722986746426E-6
5.592611646113368E-6
5.630954904037045E-6
5.673899719662613E-6
5.782167272148571E-6
5.803237231706894E-6
5.865955444299179E-6
5.876620908582767E-6
5.9279830049941046E-6
5.951269023613089E-6
6.003776569661668E-6
6.008405396001979E-6
6.011311867538228E-6
6.053634572783119E-6
6.046675632810801E-6
6.0139601984613045E-6
6.003201817666175E-6
6.026633793293149E-6
5.989715585362458E-6
5.962527766396371E-6
5.95349305393888E-6
5.954067745659709E-6
5.987806337840166E-6
5.986829470658869E-6
6.0034990747223124E-6
6.010972718253244E-6
6.002678635545967E-6
5.967808012272592E-6
5.955981654464508E-6
5.964408422124144E-6
5.925280334731454E-6
5.956752002900602E-6
5.936146504306877E-6
5.908471269931086E-6
5.917353887102226E-6
5.933896433584729E-6
5.940538056871094E-6
5.917318666520074E-6
5.9363374913692E-6
5.952893001745143E-6
5.929282063289222E-6
5.846691410832684E-6
5.846200071158995E-6
5.85282494089592E-6
5.917753499145636E-6
5.9248732520188556E-6
5.938426297033019E-6
5.9381658912669765E-6
5.889269242948352E-6
5.891007197750354E-6
5.923658131130487E-6
5.867263078513199E-6
5.820425755243534E-6
5.822482544839783E-6
5.823078165383201E-6
5.8693787137501E-6
5.856636821756818E-6
5.827689099050023E-6
5.813948645627814E-6
5.80972793463851E-6
5.8124446550424765E-6
5.809432624440212E-6
5.83381003747698E-6
5.8662550835103465E-6
5.816293466113885E-6
5.825428961151836E-6
5.819259721171394E-6
5.805039322603209E-6
5.785164260594519E-6
5.775488385127881E-6
5.817162162926129E-6
5.804826330497881E-6
5.807034181705522E-6
5.784617425726684E-6
5.7870569276629254E-6
5.800152299172369E-6
5.793338000790779E-6
5.794464149362181E-6
5.755186655093373E-6
5.818072498529566E-6
5.812486147047613E-6
5.814134585309002E-6
5.815645189021366E-6
5.783110046739415E-6
5.779610026361538E-6
5.744381983539279E-6
5.769961735820617E-6
5.8029761424881775E-6
5.797360107959119E-6
5.848765071161963E-6
5.805536569840363E-6
5.854614050995119E-6
5.804481492299203E-6
5.795469420971467E-6
5.773442625381998E-6
5.803092277663093E-6
5.7799006288888904E-6
5.784767264725448E-6
5.777910124593315E-6
5.846518063645053E-6
5.857323479527493E-6
5.8434891544906145E-6
5.812833955810935E-6
5.859171791406529E-6
5.835848174332514E-6
5.795310816095598E-6
5.7787804296172106E-6
5.769476333259954E-6
5.799322786984076E-6
5.782328777477828E-6
5.764633663270217E-6
5.8066581571935305E-6
5.812041387292217E-6
5.806785089642493E-6
5.798189775201279E-6
5.816318136778814E-6
5.8157972503340455E-6
5.8030893257006315E-6
5.7654692052987435E-6
5.76671780989033E-6
5.759685822908775E-6
5.732384873140488E-6
5.724351302244045E-6
5.706489305828421E-6
5.665549957078006E-6
5.633325142997712E-6
5.6281809723324E-6
5.624804794477115E-6
5.631847085446036E-6
5.635173133113771E-6
5.6241978444485875E-6
5.610170929741003E-6
5.618233673743132E-6
5.548478238739751E-6
5.512885599078684E-6
5.490637031364084E-6
5.605982715043917E-6
5.618082604231194E-6
5.63078742824896E-6
5.62733505402413E-6
5.623041428328739E-6
5.647270015580964E-6
5.660396731890984E-6
5.6468375486506705E-6
5.669219014476965E-6
5.691128976249823E-6
5.655608951476259E-6
5.641203019536664E-6
5.642834945025534E-6
5.629856738656205E-6
5.6316313244307655E-6
5.680288482793632E-6
5.679520953400872E-6
5.707038538352509E-6
5.723323959947404E-6
5.7233761274445776E-6
5.731751369233191E-6
5.705188116555323E-6
5.687447272901158E-6
5.686064023611834E-6
5.666031836401227E-6
5.626882299619158E-6
5.63509766571164E-6
5.630361038294441E-6
5.634532962105315E-6
5.607149199302784E-6
5.56287305702996E-6
5.542739427132621E-6
5.545852972516093E-6
5.583336221273161E-6
5.5887148363465165E-6
5.655414919670074E-6
5.627925535924839E-6
5.641533360786545E-6
5.616812819423278E-6
5.672001348619517E-6
5.7022125568960664E-6
5.709908253851983E-6
5.691089021074737E-6
5.698213610324625E-6
5.643205572540156E-6
5.659660998386962E-6
5.605723848807207E-6
5.643414343327067E-6
5.646985603410421E-6
5.645926311963644E-6
5.691486247571381E-6
5.640176353816305E-6
5.617834758878556E-6
5.6495335652504435E-6
5.70281750861853E-6
5.659632131506602E-6
5.64872349833419E-6
5.664344159535461E-6
5.682600319044722E-6
5.68387085095253E-6
5.690556351786946E-6
5.6984859833463825E-6
5.655429798861522E-6
5.661198298622022E-6
5.652526529635962E-6
5.6851779028178864E-6
5.7410209980428394E-6
5.761968943757029E-6
5.7885141527725044E-6
5.803592435739064E-6
5.818433579902792E-6
5.8295178010333895E-6
5.826878040405687E-6
5.824674327148751E-6
5.843348012621544E-6
5.809980930106112E-6
5.818897691355743E-6
5.898933376127485E-6
5.911731029536063E-6
5.9359856075262925E-6
5.9800500672061695E-6
6.021397630773113E-6
5.99586698227748E-6
6.003802939604473E-6
5.974425491209361E-6
5.95278499492221E-6
5.996304340065588E-6
6.004130448081657E-6
5.993060605730536E-6
5.945093099745889E-6
5.936001494869146E-6
5.926013957220599E-6
5.93804981737176E-6
5.95068426838848E-6
5.960236792863254E-6
5.93835626678991E-6
5.947229031547978E-6
5.947755166124605E-6
5.927583246906332E-6
5.903990554245221E-6
5.9041995836758984E-6
5.918920518090713E-6
5.9710516588862566E-6
6.0048927118338915E-6
6.004831774723332E-6
6.0094320427196515E-6
6.010941731701803E-6
6.02765439236512E-6
6.030424957226625E-6
5.990146883065634E-6
5.9737174822767136E-6
5.917297194277085E-6
5.914655051769152E-6
5.913075779851725E-6
5.8995546373703405E-6
5.8760982742056095E-6
5.887030936438803E-6
5.911610279984774E-6
5.833241278105378E-6
5.84191591900648E-6
5.8410577196320665E-6
5.852459952186787E-6
5.8408678349743245E-6
5.840211615305241E-6
5.80196018178272E-6
5.748229329579161E-6
5.779529945389382E-6
5.8146974800690355E-6
5.838491946191676E-6
5.847215849281531E-6
5.811365646005849E-6
5.8167858725211145E-6
5.734801879809484E-6
5.769066095315158E-6
5.755068539735185E-6
5.744275050262969E-6
5.744771816614032E-6
5.778215584666764E-6
5.807623068029975E-6
5.785485949943597E-6
5.745292724318139E-6
5.781455174122248E-6
5.787901735929583E-6
5.7694934652339834E-6
5.737236231031746E-6
5.688221495716474E-6
5.687916392322085E-6
5.659855558817898E-6
5.659641040361777E-6
5.6155673203344265E-6
5.673389863385141E-6
5.703229928609243E-6
5.713568059434324E-6
5.672438719811133E-6
5.656909243440106E-6
5.641632221884862E-6
5.636901949087347E-6
5.624637682512337E-6
5.574712305149352E-6
5.605046877365782E-6
5.626196293674157E-6
5.61605135925783E-6
5.589309758141685E-6
5.603300466756247E-6
5.565037418102562E-6
5.631620790048986E-6
5.634890386785088E-6
5.632806968251462E-6
5.673794752996497E-6
5.655864010459687E-6
5.6508113825791666E-6
5.619912780019976E-6
5.613429628994562E-6
5.596434599986761E-6
5.56722565398118E-6
5.5565423693057085E-6
5.578014985069007E-6
5.5739569159359816E-6
5.56974789470054E-6
5.552847791142667E-6
5.557530965224695E-6
5.5643102628167985E-6
5.573009862222384E-6
5.551271750857253E-6
5.582792873916208E-6
5.591080377920817E-6
5.5829004502586365E-6
5.5461268024865355E-6
5.535985332018964E-6
5.553754264558589E-6
5.538211374241243E-6
5.558086622052045E-6
5.558212104846488E-6
5.574945304876786E-6
5.593034421277486E-6
5.57763621392822E-6
5.607727975309864E-6
5.5863348734002374E-6
5.5652635644729725E-6
5.5381183764923025E-6
5.530177987085498E-6
5.562034880007294E-6
5.564264194684638E-6
5.574680169538426E-6
5.565518963114841E-6
5.580263163102476E-6
5.575010562467867E-6
5.57800462811567E-6
5.602460530962676E-6
5.6023337158899175E-6
5.591294278026695E-6
5.591092686463431E-6
5.606891479488239E-6
5.5986960239823074E-6
5.612433472842144E-6
5.624931459250742E-6
5.608867623120453E-6
5.60228158035354E-6
5.6168410470879335E-6
5.623328582930997E-6
5.6313430712436616E-6
5.645982226082599E-6
5.618779951192366E-6
5.650445960291032E-6
5.6714772674275675E-6
5.672644907634561E-6
5.668721407331303E-6
5.705718767259411E-6
5.702259294034008E-6
5.71777621296847E-6
5.746771337750649E-6
5.743218477647454E-6
5.726416418599376E-6
5.8114665721657995E-6
5.821360521476237E-6
5.838415733925879E-6
5.800150680256436E-6
5.8133623321825655E-6
5.789095995636953E-6
5.801965944880354E-6
5.80417535657914E-6
5.810535885512769E-6
5.791634530462139E-6
5.76486894914691E-6
5.7802843204301464E-6
5.782817269036463E-6
5.79761391139214E-6
5.752347179460066E-6
5.869915935970999E-6
5.87412713693664E-6
5.865811327249245E-6
5.885474351458832E-6
5.8586119809887805E-6
5.832196325161287E-6
5.840123467967141E-6
5.8421269045475514E-6
5.853584119306705E-6
5.870713356898698E-6
5.880204158016013E-6
5.8054272057585305E-6
5.839822236212097E-6
5.742999189860135E-6
5.685211718237004E-6
5.682408894333506E-6
5.656236232271566E-6
5.6551496394432655E-6
5.646306796952198E-6
5.640840626593216E-6
5.625346853620317E-6
5.615552596225135E-6
5.592175956791309E-6
5.58622273338256E-6
5.603663086627574E-6
5.594941822833707E-6
5.60183791875744E-6
5.575569890607877E-6
5.590396675158268E-6
5.626445361227205E-6
5.572818757124564E-6
5.5575319373894326E-6
5.550893591248692E-6
5.529984852728223E-6
5.52733386688723E-6
5.560067335132619E-6
5.605642246412564E-6
5.599413286810568E-6
5.616255817612612E-6
5.591818145830715E-6
5.608212219277552E-6
5.6050248991566904E-6
5.614619328583017E-6
5.626887580721302E-6
5.597761147178623E-6
5.6062939461544716E-6
5.560334559846459E-6
5.547275393993539E-6
5.5296321073785476E-6
5.535318178629134E-6
5.519783477188071E-6
5.495491352372899E-6
5.503391507210771E-6
5.465455136242361E-6
5.446036883286676E-6
5.4236363498924615E-6
5.424391800865102E-6
5.46438856917237E-6
5.4815882606820745E-6
5.45403050887121E-6
5.449843132971774E-6
5.418508851187894E-6
5.374768880235739E-6
5.376031977752408E-6
5.406653083905425E-6
5.404973198385813E-6
5.398788981652E-6
5.408907173233279E-6
5.397670078136857E-6
5.3483659901278E-6
5.3509155896992016E-6
5.366693874602506E-6
5.336799358418614E-6
5.333886747448449E-6
5.309315033731496E-6
5.337781261169555E-6
5.334562291492029E-6
5.344452710525779E-6
5.349466132893443E-6
5.364338761323701E-6
5.362277529777596E-6
5.348851835066838E-6
5.3597502797773735E-6
5.371314437661476E-6
5.374024480510701E-6
5.384243972467306E-6
5.31175646470023E-6
5.300996172393885E-6
5.300154054097552E-6
5.312104196826193E-6
5.29660870006448E-6
5.357365390658159E-6
5.309354793176501E-6
5.312235393773341E-6
5.321789881783606E-6
5.3244100398276426E-6
5.345703797212046E-6
5.328099537882884E-6
5.3141763724981605E-6
5.299874409846081E-6
5.271736425900692E-6
5.287585117601683E-6
5.294839520831645E-6
5.299050811844318E-6
5.280243383726525E-6
5.295127079724454E-6
5.288550822462861E-6
5.299794785819424E-6
5.314132358588783E-6
5.325842971089584E-6
5.245377796138605E-6
5.258198259345961E-6
5.2790667084438435E-6
5.264622203100863E-6
5.303240229505739E-6
5.333728388660553E-6
5.353919979253071E-6
5.3491764869365194E-6
5.328800284366603E-6
5.330010749572098E-6
5.322812124772061E-6
5.3121832944498985E-6
5.306125710531806E-6
5.281764011951429E-6
5.273517725578711E-6
5.269273918854138E-6
5.25813566728356E-6
5.270585440644874E-6
5.273800745750207E-6
5.248264887088083E-6
5.2460604152204654E-6
5.299438772123575E-6
5.2940566225006094E-6
5.2462412222149334E-6
5.246276849143995E-6
5.254008810634868E-6
5.268931580666747E-6
5.274368775173278E-6
5.280504449968081E-6
5.2767161944429795E-6
5.291395961476237E-6
5.220550419640611E-6
5.2248500467516655E-6
5.228597074762658E-6
5.236674787464588E-6
5.2265226040387985E-6
5.200715733513907E-6
5.206427937430503E-6
5.259923183487489E-6
5.2139218885951185E-6
5.259868088482648E-6
5.300641847467014E-6
5.310895580845544E-6
5.314645285600721E-6
5.355442684705575E-6
5.335447314145326E-6
5.246776941794173E-6
5.251053716097065E-6
5.2698930303808045E-6
5.251867058330989E-6
5.227572915313985E-6
5.207474967187072E-6
5.237667366190305E-6
5.2648215143802635E-6
5.182626275132562E-6
5.144019864721414E-6
5.154360932100893E-6
5.161085294631434E-6
5.174211625507553E-6
5.149938215075509E-6
5.175961943679364E-6
5.16128626325077E-6
5.180162430889189E-6
5.168880074952048E-6
5.147771018544444E-6
5.1413409503030226E-6
5.0497143733718895E-6
5.0211024562666745E-6
5.030214835552251E-6
5.028040608878125E-6
4.999664144946647E-6
4.981216176781974E-6
4.9846504596340176E-6
4.945427120454664E-6
4.951639756184528E-6
4.945708765308387E-6
4.92221520971659E-6
4.9063391801705714E-6
4.915957637868625E-6
4.9388610470081045E-6
4.9497017688895E-6
4.957146777448349E-6
5.049164072357771E-6
5.074215636127854E-6
5.083598286200753E-6
5.075616098292348E-6
5.094550541495547E-6
5.101187457260945E-6
5.111858460342433E-6
5.106395123364604E-6
5.083337251149382E-6
5.073424869643482E-6
5.05213355527879E-6
5.0739565961411484E-6
5.057222696801115E-6
5.0420565116965295E-6
5.037665343970393E-6
5.04349221900403E-6
5.049862078870219E-6
5.032822407922438E-6
5.014808961787268E-6
5.013207568262586E-6
5.033626328279142E-6
5.035678791096803E-6
5.025516973852579E-6
5.051016360979436E-6
5.053547916545359E-6
5.0562352919620805E-6
5.0739852293621554E-6
5.065042668654833E-6
5.067897892680438E-6
5.082678416510929E-6
5.071236829124569E-6
5.066933469038294E-6
5.088913168396834E-6
5.058926251713865E-6
5.065758545560966E-6
5.0718551074934335E-6
5.0680070167717856E-6
5.0593655379362535E-6
5.054948243873921E-6
5.071738458683056E-6
5.084927787314438E-6
5.084777356568025E-6
5.103490830058986E-6
5.1171451329790205E-6
5.1087806506333105E-6
5.116538002345618E-6
5.115615996685694E-6
5.084872005168733E-6
5.105469184091267E-6
5.103591162908682E-6
5.109876929458819E-6
5.10950087117954E-6
5.091972857580626E-6
5.110130206847179E-6
5.1029482352024125E-6
5.100660987997644E-6
5.086945682759092E-6
5.117622607207207E-6
5.110339973946147E-6
5.106887199661283E-6
5.107722773627932E-6
5.132085645391338E-6
5.1501784924003E-6
5.1508939936105395E-6
5.133176636135004E-6
5.110007279037271E-6
5.0932120375215226E-6
5.0896176793730865E-6
5.088264197660865E-6
5.113847376438534E-6
5.124672432190841E-6
5.148475510529252E-6
5.126100181309773E-6
5.1196082479446976E-6
5.125630661579847E-6
5.1468949732543455E-6
5.129137095758475E-6
5.139371268373847E-6
5.162934111866627E-6
5.13654522115735E-6
5.118561466834326E-6
5.103956979295323E-6
5.122150009464932E-6
5.128783970732385E-6
5.116065346598142E-6
5.11429749246455E-6
5.118446258843366E-6
5.120030431724804E-6
5.143860721063237E-6
5.168657927432935E-6
5.154317998820804E-6
5.142787004066328E-6
5.140171189099234E-6
5.138052367409527E-6
5.131584529720179E-6
5.144168716282849E-6
5.154523592610215E-6
5.128301127446465E-6
5.116584351217214E-6
5.097098531835065E-6
5.158567020677042E-6
5.152600635408939E-6
5.166169667946652E-6
5.1682506695693E-6
5.156359347282066E-6
5.153820824426133E-6
5.157140561327608E-6
5.175175778065483E-6
5.228836979557573E-6
5.209734093363733E-6
5.20980527838304E-6
5.209985186458854E-6
5.15947772262835E-6
5.155319778708088E-6
5.149005908748712E-6
5.171222043190266E-6
5.1492824559624365E-6
5.147645400422803E-6
5.143991627959143E-6
5.176403734883731E-6
5.148235233485063E-6
5.1444805013480085E-6
5.150752244125952E-6
5.162873227904341E-6
5.165035453850261E-6
5.177437845893079E-6
5.222567783920457E-6
5.2346044091744E-6
5.244164430328435E-6
5.241775775187289E-6
5.2486081187974705E-6
5.2544374164678555E-6
5.26242758153879E-6
5.271870415674017E-6
5.264598170139735E-6
5.250219933808716E-6
5.27436311938513E-6
5.2484180017677346E-6
5.245819393525521E-6
5.233202679149161E-6
5.20072377766663E-6
5.1949422823727266E-6
5.211156636426737E-6
5.21413368828491E-6
5.195675820851324E-6
5.188766409969249E-6
5.1743006509157495E-6
5.170041491500375E-6
5.183668940836703E-6
5.189063606972381E-6
5.164496423211772E-6
5.19371045671705E-6
5.197123389528772E-6
5.2415946708882905E-6
5.229425313594232E-6
5.2395344552417565E-6
5.233367043166725E-6
5.257770500098192E-6
5.263587566457748E-6
5.2879512660555E-6
5.272050495002321E-6
5.282154759922485E-6
5.237772395249879E-6
5.237539811265484E-6
5.255636174427972E-6
5.220956075937621E-6
5.1979419146467825E-6
5.184444729754436E-6
5.176150753964011E-6
5.190471084749434E-6
5.207597685332116E-6
5.212374967556719E-6
5.2276604753745154E-6
5.2341957517034974E-6
5.225242758965976E-6
5.2067090556567385E-6
5.181191168238547E-6
5.192249870383006E-6
5.183618635128601E-6
5.184209874215155E-6
5.213913918329038E-6
5.201174698286497E-6
5.200363038414124E-6
5.227070753075797E-6
5.251490017668729E-6
5.2462895879980145E-6
5.2028676334759465E-6
5.202293064260722E-6
5.210761960162077E-6
5.227148468230659E-6
5.241090366303716E-6
5.205626613224532E-6
5.1994328269211305E-6
5.190245782102384E-6
5.174130209590365E-6
5.172416796391672E-6
5.195540600873135E-6
5.225492621939004E-6
5.255677170406973E-6
5.218308031794847E-6
5.196649784255374E-6
5.159157634137728E-6
5.142597496734542E-6
5.126161607097494E-6
5.13357134116197E-6
5.130246777058135E-6
5.117280284754531E-6
5.12171789902369E-6
5.124287197963176E-6
5.114720832634888E-6
5.110855557109713E-6
5.1130777211862805E-6
5.071623890349818E-6
5.042268811479565E-6
5.041530887234146E-6
5.051352503761398E-6
5.065839439567162E-6
5.071836430019615E-6
5.094154023499678E-6
5.074161164793481E-6
5.065806012004815E-6
5.0442878714489316E-6
5.024473805095888E-6
5.010115274646576E-6
4.9993990645459135E-6
5.009484031078715E-6
5.020894638662523E-6
4.988543020183868E-6
4.948089927713213E-6
4.951221292869096E-6
4.925225594537042E-6
4.9289485691206E-6
4.927830771763288E-6
4.9291586081939095E-6
4.931293216973075E-6
4.906636701888084E-6
4.892623728616541E-6
4.883931461356328E-6
4.871247635826625E-6
4.846354081589557E-6
4.8374964704555775E-6
4.824852942272746E-6
4.827115022589698E-6
4.830138307507946E-6
4.7796358625491075E-6
4.7732860610095205E-6
4.776967245781133E-6
4.7898110046745355E-6
4.788821848062176E-6
4.793710365107554E-6
4.771473979418374E-6
4.811666746399613E-6
4.798252082288066E-6
4.8122555290057535E-6
4.819518744650302E-6
4.843777852475885E-6
4.8362219356135475E-6
4.835060237288382E-6
4.8424482775736904E-6
4.846599781381542E-6
4.849898864654601E-6
4.878075011984349E-6
4.934239055621858E-6
4.9168627434197535E-6
4.9089515448153864E-6
4.9028913944971025E-6
4.9206704943110695E-6
4.905047573192737E-6
4.8842589919301785E-6
4.902903770851159E-6
4.907540644009595E-6
4.922065555797784E-6
4.917665105496228E-6
4.929693980986048E-6
4.928546182151012E-6
4.931711386478718E-6
4.931586402659891E-6
4.938939443145797E-6
4.948621000335096E-6
4.943691396741797E-6
4.943822133873674E-6
4.976697335402841E-6
4.970621933255573E-6
4.960434089722286E-6
4.944699077458371E-6
4.98082466544348E-6
4.982299305534903E-6
4.983878371509018E-6
5.009942832873749E-6
5.024537578593301E-6
5.063859465029901E-6
5.1214046190521464E-6
5.121720593346984E-6
5.121380360959547E-6
5.097623388553134E-6
5.108824854598411E-6
5.051690249710337E-6
5.08533620945425E-6
5.073450353877162E-6
5.107459106529472E-6
5.115299736108196E-6
5.107154888876708E-6
5.095636760015389E-6
5.075181242433346E-6
5.051719574827323E-6
5.075594832996837E-6
5.0827506903204016E-6
5.066413864946049E-6
5.066938083936736E-6
5.08524533456755E-6
5.077863913527916E-6
5.057820251821425E-6
5.05709249698675E-6
5.069225595949767E-6
5.0611017139230324E-6
5.067597610055404E-6
5.084509459500245E-6
5.084403877273534E-6
5.091504198501075E-6
5.094354872095173E-6
5.076601898168928E-6
5.071887420213159E-6
5.044128196276099E-6
5.054168333430665E-6
5.053784625119523E-6
5.040863731754783E-6
5.029307699370708E-6
5.018040118325014E-6
5.062123869997799E-6
5.069215096634316E-6
5.088811659891235E-6
5.10320007734554E-6
5.140553315121135E-6
5.1479556163752005E-6
5.13160085891457E-6
5.147584861967784E-6
5.100657841054863E-6
5.0587898605296444E-6
5.0090318581886876E-6
5.019751014607991E-6
5.014611544743039E-6
4.995707579839688E-6
5.018494558144492E-6
5.02347798375856E-6
5.020020749140042E-6
5.035891027378803E-6
5.0178783417307285E-6
5.032627302115202E-6
4.994504790147149E-6
4.979019757668108E-6
4.979068172387606E-6
4.976599083317355E-6
4.956991966691662E-6
4.951209203599064E-6
4.921430174848695E-6
4.945637777074152E-6
4.933607046480851E-6
4.919177537752278E-6
4.937144490847846E-6
4.959830635369165E-6
4.960790653248562E-6
4.95491621291663E-6
4.978084603876788E-6
4.993333371692458E-6
5.009042600663953E-6
4.993208676038617E-6
5.002545413440389E-6
5.004425410791848E-6
5.010661529862183E-6
4.968756458891651E-6
4.951545590623307E-6
4.963848747779534E-6
4.949352708002655E-6
4.954385398154725E-6
4.9459344939592945E-6
4.940659452644732E-6
4.907961807179844E-6
4.89453938305484E-6
4.919413252712508E-6
4.9294072495240645E-6
4.943639437200382E-6
4.961986491867228E-6
4.977564928782997E-6
4.958824273597681E-6
4.958232687659909E-6
4.951569943790253E-6
4.94382413214015E-6
4.9303861716976275E-6
4.933059010084233E-6
4.928223500060912E-6
4.934984890009472E-6
4.94626307527471E-6
4.941140490490831E-6
4.931385270231105E-6
4.919291465242844E-6
4.898489549679154E-6
4.887405372179433E-6
4.862243503419251E-6
4.846385531693556E-6
4.861187258432405E-6
4.8600505510728314E-6
4.863990097126889E-6
4.894707936026122E-6
4.8948349902898905E-6
4.9028577250194055E-6
4.9010768188263644E-6
4.87150814138367E-6
4.858412989985774E-6
4.856806328828065E-6
4.847579846963289E-6
4.8603807172121135E-6
4.856339015175901E-6
4.838173521998068E-6
4.839879600322048E-6
4.847760474216182E-6
4.84127985561766E-6
4.843740037132075E-6
4.850655545638349E-6
4.868285348651814E-6
4.851631807493038E-6
4.841393925992563E-6
4.815247142409995E-6
4.829653229455521E-6
4.834597805883378E-6
4.808943645951557E-6
4.809235757229448E-6
4.808327054425384E-6
4.7935513462564905E-6
4.750430082502161E-6
4.740217417025391E-6
4.7401800095912414E-6
4.7106646972566635E-6
4.7238489676603925E-6
4.728189161635931E-6
4.7345765745769145E-6
4.733725877208698E-6
4.710004745434629E-6
4.707331901521056E-6
4.6941646689765824E-6
4.681906046331412E-6
4.666088058458068E-6
4.680391307240563E-6
4.680933584691045E-6
4.676976635925689E-6
4.674298905265849E-6
4.671783693353701E-6
4.677240276866683E-6
4.687618305117308E-6
4.713012949884707E-6
4.721907994466406E-6
4.703316359657466E-6
4.725531346935444E-6
4.7220788305311995E-6
4.713915519116928E-6
4.719051945457613E-6
4.7418472179394E-6
4.759511173407014E-6
4.7456306370473415E-6
4.751616836413508E-6
4.7711203901726274E-6
4.745562594023851E-6
4.737213832862878E-6
4.725714843472284E-6
4.725367472309256E-6
4.740251614863477E-6
4.730858146920469E-6
4.74455445315458E-6
4.727783960792683E-6
4.7236944984747225E-6
4.74152035880452E-6
4.732620109901818E-6
4.724809801268514E-6
4.7450568368882955E-6
4.745474586806841E-6
4.763801686170938E-6
4.7518092204077845E-6
4.760311408896467E-6
4.78425176688526E-6
4.773599523159714E-6
4.802655519360442E-6
4.814224837988562E-6
4.816865698493512E-6
4.822842377306614E-6
4.853669220872189E-6
4.873797329746276E-6
4.899023305803214E-6
4.9328600280626255E-6
4.9177095048071564E-6
4.916764164515241E-6
4.953822142959386E-6
4.988542362704827E-6
4.978456692759528E-6
4.971832447970257E-6
4.9829147773385395E-6
4.987977791674082E-6
4.983033568578809E-6
4.99245135497224E-6
4.989612694063397E-6
4.984610272463852E-6
4.986035795987834E-6
5.0135532034941534E-6
5.031879447414111E-6
4.97609502312027E-6
4.9495534090654755E-6
4.96106337861109E-6
4.969089669566816E-6
4.940856735647442E-6
4.955656830980189E-6
4.958423038211058E-6
4.972016270747685E-6
4.980793949135901E-6
5.009812118237093E-6
5.004809225094369E-6
5.018841013471747E-6
5.033928690646774E-6
5.031639156968744E-6
5.035566628006213E-6
5.042296131270495E-6
5.0370094057841335E-6
5.040245527775197E-6
5.020158141022158E-6
5.0200095017291055E-6
5.034183175805067E-6
5.059960505707696E-6
5.08061961759013E-6
5.069594123585496E-6
5.0494307585290876E-6
5.024749454103292E-6
5.0118978660096154E-6
4.999767780772371E-6
4.9828900660288E-6
4.983511114902964E-6
5.026146290471527E-6
5.016343565410808E-6
5.010982000462426E-6
5.0409246784878565E-6
5.042537263954032E-6
5.075114037433895E-6
5.104631968208688E-6
5.07608362974705E-6
5.085243498744136E-6
5.063656322462733E-6
5.054356201358138E-6
5.0695508749633424E-6
5.076021029442045E-6
5.0883218499064566E-6
5.085142783124703E-6
5.074792764126707E-6
5.069090879325784E-6
5.057243675609283E-6
5.064403164722778E-6
5.101609152838806E-6
5.104743101421642E-6
5.106955653060633E-6
5.112045137399929E-6
5.118708703202072E-6
5.094338180348146E-6
5.109287431062925E-6
5.106911021698346E-6
5.1293618290259886E-6
5.160220712567217E-6
5.175916190532674E-6
5.196140609604124E-6
5.165608760777541E-6
5.1571448031042004E-6
5.138320149011717E-6
5.1816879267582625E-6
5.172715074752875E-6
5.171922289802375E-6
5.153096452895E-6
5.143909187512593E-6
5.161266299155247E-6
5.167350339195913E-6
5.161863126815645E-6
5.177802389667402E-6
5.164291420683578E-6
5.1696942731946885E-6
5.18033017824317E-6
5.173771907120489E-6
5.16580950606475E-6
5.151331852626238E-6
5.17909208502644E-6
5.191627933860567E-6
5.21006703713494E-6
5.208058783657771E-6
5.204061223270946E-6
5.2017920587874794E-6
5.229898702767339E-6
5.246300755255626E-6
5.227374019038419E-6
5.234819147263852E-6
5.238293930230939E-6
5.198719788036778E-6
5.218800436062965E-6
5.207102800029441E-6
5.182377050002674E-6
5.1692745763606996E-6
5.194292367164438E-6
5.2037328126461115E-6
5.186729934900373E-6
5.183058792553501E-6
5.195605345380876E-6
5.180532204722056E-6
5.189688038895024E-6
5.195947051763303E-6
5.180300664920935E-6
5.16437381674006E-6
5.142958365055624E-6
5.151162871734232E-6
5.15123887402964E-6
5.166101306472445E-6
5.1677382298189675E-6
5.176451152044151E-6
5.169868390508145E-6
5.172054529177498E-6
5.183223472647551E-6
5.1961961720020104E-6
5.178996419248288E-6
5.165192993709114E-6
5.139364095511875E-6
5.169138450715389E-6
5.141691485835223E-6
5.156365803053551E-6
5.168894818935596E-6
5.1675659668415195E-6
5.155387584469786E-6
5.152253902587704E-6
5.126442928863063E-6
5.1110461416577315E-6
5.125436476045877E-6
5.156069442380778E-6
5.168795234289382E-6
5.209171765015122E-6
5.234167140933997E-6
5.242431266020465E-6
5.238790292786773E-6
5.220066300655796E-6
5.22085470170967E-6
5.205300489904839E-6
5.188589905884685E-6
5.2150031515495306E-6
5.2120636254122485E-6
5.2078667567557735E-6
5.200630596463044E-6
5.213289755006078E-6
5.21580909867929E-6
5.219388372792187E-6
5.212447543245754E-6
5.190405436320923E-6
5.1767440754961595E-6
5.178042673989258E-6
5.191294961688454E-6
5.180286488334135E-6
5.185834048683879E-6
5.207364696001694E-6
5.234422101872461E-6
5.238750648875628E-6
5.186137821133662E-6
5.163205157405926E-6
5.1859754199778325E-6
5.169505323611598E-6
5.163624748296633E-6
5.1833585797200746E-6
5.161984867272772E-6
5.1547837249304445E-6
5.142807730546227E-6
5.103412043196889E-6
5.089674000175572E-6
5.055896754769817E-6
5.045576133974182E-6
5.043328531475665E-6
5.038166357780061E-6
5.083803645260409E-6
5.091760635448304E-6
5.101452611527511E-6
5.132011840460231E-6
5.15213886879338E-6
5.154299537907319E-6
5.148280661579492E-6
5.146431565131395E-6
5.108452179895803E-6
5.085854588034187E-6
5.097666563975229E-6
5.086971709295405E-6
5.115390829861797E-6
5.112383535602299E-6
5.131578128540036E-6
5.156148988417168E-6
5.14458059832633E-6
5.135185970693452E-6
5.158634944137257E-6
5.138750221906324E-6
5.1216236541930175E-6
5.090671824910977E-6
5.067327842027631E-6
5.117085970678395E-6
5.136124673723036E-6
5.155874974076859E-6
5.170267144143283E-6
5.146138501818071E-6
5.1433097640108384E-6
5.181428363843898E-6
5.187463272008892E-6
5.220414554511993E-6
5.212642583439784E-6
5.2012205540944875E-6
5.229480108589092E-6
5.2193379810282085E-6
5.213125562920222E-6
5.217329889345216E-6
5.198930091065754E-6
5.2112650069266285E-6
5.199355109892604E-6
5.199118092477994E-6
5.224888892097459E-6
5.238199344542307E-6
5.246071211541701E-6
5.253780193723601E-6
5.26366479503631E-6
5.278019278074694E-6
5.321718743782597E-6
5.36986078278811E-6
5.385016463977833E-6
5.363907540976973E-6
5.386664493104137E-6
5.349253074138668E-6
5.35763210341861E-6
5.3630995390502465E-6
5.36554621212166E-6
5.405663545321977E-6
5.3973396421184775E-6
5.4069375115492705E-6
5.368696343446853E-6
5.332062036190639E-6
5.348899067926216E-6
5.33378268386283E-6
5.3111656149424004E-6
5.308327274051351E-6
5.297281626655702E-6
5.288496318184694E-6
5.2639320535779905E-6
5.238193169030013E-6
5.213557629684689E-6
5.218123110984534E-6
5.264498605753772E-6
5.282848033293268E-6
5.30541685363515E-6
5.301133708427796E-6
5.299258735378667E-6
5.277679310782021E-6
5.291465340111977E-6
5.2856105401665525E-6
5.3152936303898636E-6
5.301730115307688E-6
5.3088946069790805E-6
5.327311730589054E-6
5.346988901676732E-6
5.327808378237666E-6
5.3176475726404246E-6
5.33595036720724E-6
5.319140811017074E-6
5.369246357006246E-6
5.380175301938404E-6
5.378991843260053E-6
5.364500936501677E-6
5.358236893581129E-6
5.338957230244233E-6
5.332977236003549E-6
5.327619988652471E-6
5.320155109586161E-6
5.339384559037463E-6
5.317085549440977E-6
5.338022719119504E-6
5.367958910593478E-6
5.369267294240251E-6
5.3750107023538136E-6
5.373183685434327E-6
5.361734232237555E-6
5.379205216371105E-6
5.398711404086053E-6
5.419897185876143E-6
5.417538047984046E-6
5.437996022488648E-6
5.439442504483163E-6
5.470819979442234E-6
5.463625724419827E-6
5.460853333436149E-6
5.455487739696283E-6
5.4912463374698076E-6
5.4842557525303415E-6
5.464116339527404E-6
5.454888531409247E-6
5.456417570121048E-6
5.461443704542496E-6
5.48050475066162E-6
5.492721375782642E-6
5.4679750410771E-6
5.49968641047463E-6
5.50524936818862E-6
5.5835518820590974E-6
5.6165948527248596E-6
5.632128423428118E-6
5.633341816902756E-6
5.64459386008367E-6
5.622677087450218E-6
5.591920311779217E-6
5.560412519970608E-6
5.600743891622803E-6
5.601563220043309E-6
5.668043158341398E-6
5.639244973936953E-6
5.619693401948999E-6
5.584719219188884E-6
5.59094208400669E-6
5.618415917360109E-6
5.664398046363205E-6
5.691165347752266E-6
5.728230531293963E-6
5.715769956468158E-6
5.739207424199254E-6
5.732513719158919E-6
5.731778764570994E-6
5.682646134475698E-6
5.676581330819948E-6
5.663746772484075E-6
5.698003013865474E-6
5.709576297001036E-6
5.701713829881527E-6
5.70836327286508E-6
5.720651934212314E-6
5.705270086326988E-6
5.73298688830716E-6
5.718879789681652E-6
5.734336739110818E-6
5.732589132109271E-6
5.703204292644689E-6
5.6853612661556174E-6
5.6366863038400065E-6
5.628435481845854E-6
5.633257117770552E-6
5.722879731486686E-6
5.739228821156036E-6
5.773519621532654E-6
5.788730328596554E-6
5.768832780937094E-6
5.756422034216921E-6
5.754890090548489E-6
5.801706431702968E-6
5.775604216160491E-6
5.7458461264870735E-6
5.776560231038612E-6
5.822953896083378E-6
5.8434739545891125E-6
5.8663786892485275E-6
5.870637990036413E-6
5.846014140547749E-6
5.839187641925307E-6
5.780382395612724E-6
5.783973598708674E-6
5.833117357401603E-6
5.8459389879286305E-6
5.878625531463138E-6
5.893827040179908E-6
5.923444742996994E-6
5.933517358012313E-6
5.92162108444159E-6
6.002468694128494E-6
6.059390147783951E-6
6.059371288754853E-6
6.0511629816975105E-6
5.9969116493558965E-6
5.997160850850315E-6
5.929047137626622E-6
5.919628289238932E-6
5.9505568277613204E-6
5.944886425587302E-6
5.96121870553265E-6
5.959130289817053E-6
5.999802835290108E-6
5.982514808626414E-6
5.983863409356214E-6
5.9805890327538E-6
6.026184232859757E-6
6.048471242332715E-6
6.056637054849492E-6
6.086781659831115E-6
6.025355300618068E-6
6.027933984065367E-6
6.0053362787143965E-6
6.0599591492773266E-6
6.091171853875495E-6
6.087289485026429E-6
6.093042839987494E-6
6.101577891150351E-6
6.097631467766218E-6
6.0832593976475015E-6
6.072888809278386E-6
6.062275740174085E-6
6.045616441020469E-6
6.025705037929591E-6
6.043523427407335E-6
6.050032862377905E-6
6.080302475350978E-6
6.081844753940361E-6
6.102925558206885E-6
6.099331057069449E-6
6.142752963222494E-6
6.124855863606405E-6
6.1334152936668274E-6
6.152667278484118E-6
6.15178845536644E-6
6.1591513902940825E-6
6.142975030841178E-6
6.10954871932675E-6
6.114259655662205E-6
6.1065170194127015E-6
6.113267508999133E-6
6.1703256477702575E-6
6.164212674860143E-6
6.164569154441835E-6
6.149801311103677E-6
6.108632958032811E-6
6.146599083286205E-6
6.2100060847205585E-6
6.188683712303007E-6
6.191865792163384E-6
6.1886069058472094E-6
6.199156690701446E-6
6.208636269395543E-6
6.221695294949549E-6
6.164530681635967E-6
6.2074672258454E-6
6.222740249488778E-6
6.194693397789422E-6
6.216054027631873E-6
6.1962454930367975E-6
6.233514249733165E-6
6.255843641790294E-6
6.2648991276175606E-6
6.2364068266235265E-6
6.226685135161616E-6
6.217210087226676E-6
6.195524751670047E-6
6.208870915672035E-6
6.260017659083203E-6
6.27681088475138E-6
6.275033601174557E-6
6.3390262743024365E-6
6.3428210951563145E-6
6.32751241444611E-6
6.32381727748105E-6
6.352417302776441E-6
6.440738117024852E-6
6.525058307629243E-6
6.519652132898621E-6
6.5008732627831375E-6
6.4484740642438855E-6
6.420755953523333E-6
6.43803731477549E-6
6.458083729528465E-6
6.404535193107791E-6
6.404215640918751E-6
6.421073803512925E-6
6.392151317561614E-6
6.356222521972842E-6
6.3573336689386834E-6
6.373885577308331E-6
6.430458337823827E-6
6.3603995280130326E-6
6.363179230201489E-6
6.35403528165109E-6
6.340159016037918E-6
6.3422111513050694E-6
6.385677132312353E-6
6.365681446885711E-6
6.383534627795059E-6
6.364564893678985E-6
6.368925824899312E-6
5.9730667106142185E-6
6.008825119176272E-6
6.014602609909621E-6
6.0009922463128955E-6
6.000096602625714E-6
6.007512785258892E-6
6.044575580207168E-6
6.060521471534247E-6
6.061192370708953E-6
6.062043705485295E-6
6.084138292376583E-6
6.073893886986632E-6
6.089297556278007E-6
6.053154914518811E-6
6.053271904018E-6
6.058797291603582E-6
6.052037085347047E-6
6.090184721070794E-6
6.099123367713917E-6
6.091642602703506E-6
6.107252810410719E-6
6.155881353574059E-6
6.172116974427189E-6
6.168163960089161E-6
6.175139672374104E-6
6.190545818000073E-6
6.1559774566686965E-6
6.1491855413790535E-6
6.152782424928782E-6
6.159519729631412E-6
6.158918460779698E-6
6.192189885905437E-6
6.1959272787479855E-6
6.204429213363093E-6
6.215037125150032E-6
6.257791205385032E-6
6.221527866109101E-6
6.221564953464688E-6
6.2467206519606475E-6
6.240855267642508E-6
6.28535720911649E-6
6.316945949792267E-6
6.314750462078405E-6
6.30926100054611E-6
6.2944749316795655E-6
6.313779466559193E-6
6.344155024066175E-6
6.331197656001967E-6
6.377742805611677E-6
6.368145366838089E-6
6.321006144221722E-6
6.335685689178757E-6
6.3548780391257204E-6
6.379771020707558E-6
6.351772760213882E-6
6.317730778996118E-6
6.3189941533982065E-6
6.314181243074884E-6
6.301880748701055E-6
6.27674984393572E-6
6.288712502880542E-6
6.264527753706174E-6
6.258103627294413E-6
6.256291724977379E-6
6.254320941367733E-6
6.276496981218944E-6
6.275768877348151E-6
6.28149012673053E-6
6.253918698547697E-6
6.237940073511983E-6
6.227748055656851E-6
6.2217828222730724E-6
6.233467619692677E-6
6.21936352984626E-6
6.198627651123822E-6
6.201323819513653E-6
6.210378155403393E-6
6.228476579815536E-6
6.195373857734075E-6
6.155972086587644E-6
6.161344642302296E-6
6.186083671075936E-6
6.20318852898234E-6
6.1961640669426765E-6
6.217675610317527E-6
6.217936780289743E-6
6.202591396741664E-6
6.208960865273966E-6
6.178869953105751E-6
6.2375952412508355E-6
6.273774258360969E-6
6.289683367711674E-6
6.245433529362166E-6
6.233218714759563E-6
6.210020985726852E-6
6.242653639415263E-6
6.255522751022372E-6
6.25252789230746E-6
6.2478773644472025E-6
6.2371052652209866E-6
6.255623370993857E-6
6.3099064865727615E-6
6.275716494902432E-6
6.2811683825793985E-6
6.3045672745574004E-6
6.293720699143036E-6
6.283410486198388E-6
6.27645871332594E-6
6.252542566649375E-6
6.229168404368931E-6
6.232608642012811E-6
6.229078776429103E-6
6.250616789548218E-6
6.264421831760033E-6
6.2386630522643364E-6
6.229368308460404E-6
6.196801655324449E-6
6.199238050038724E-6
6.158985888188712E-6
6.13642086652498E-6
6.111875760161857E-6
6.098455768767619E-6
6.092114142439182E-6
6.137180198725027E-6
6.159924392672049E-6
6.148453897098367E-6
6.127569344400446E-6
6.156792238420346E-6
6.156311134426883E-6
6.162869315275341E-6
6.146536703571432E-6
6.179890455732088E-6
6.167597389893588E-6
6.125379315025078E-6
6.142993064456653E-6
6.123767239282966E-6
6.091239902439826E-6
6.088333568872659E-6
6.075481756922441E-6
6.077875416436336E-6
6.144482387878256E-6
6.142025968409095E-6
6.166562688656617E-6
6.153321145848479E-6
6.159599446391432E-6
6.157717531238674E-6
6.206665729831904E-6
6.210738670798345E-6
6.226902394584949E-6
6.2160477470490965E-6
6.225546490570518E-6
6.21233262465759E-6
6.256648523264357E-6
6.254690449326361E-6
6.267027349701758E-6
6.247634542702966E-6
6.281380913007266E-6
6.2708033465959015E-6
6.232165863230095E-6
6.234961485539743E-6
6.264799627318737E-6
6.293761143250776E-6
6.310025764525552E-6
6.303709443569633E-6
6.341763752017526E-6
6.3419277034323455E-6
6.3433461626756505E-6
6.361787159498101E-6
6.353994937982264E-6
6.346040231733842E-6
6.336562038790673E-6
6.35230331423115E-6
6.376730219566343E-6
6.393301504140247E-6
6.408441513106747E-6
6.41131410067952E-6
6.386895066510985E-6
6.39210965267756E-6
6.373252611756788E-6
6.338248652179435E-6
6.297232973619506E-6
6.314099425192782E-6
6.3397180796590735E-6
6.369604225583957E-6
6.382902632157298E-6
6.408575319997881E-6
6.425072059788018E-6
6.454557713280766E-6
6.483522093501911E-6
6.493071985558713E-6
6.509771424134178E-6
6.565159639043316E-6
6.596080412128039E-6
6.5557768904204864E-6
6.58801896574442E-6
6.571335405047203E-6
6.585176747938472E-6
6.599210693766315E-6
6.591742985101533E-6
6.579888138500773E-6
6.5853594315710505E-6
6.581805746746152E-6
6.527116049190694E-6
6.516759358995873E-6
6.547786015082467E-6
6.5739982797016705E-6
6.555880698329225E-6
6.5612780041438E-6
6.542188151279397E-6
6.534124177490698E-6
6.566080894499772E-6
6.532712937359644E-6
6.5337249266434365E-6
6.503150779229515E-6
6.497137405808659E-6
6.487987491618191E-6
6.455807646878143E-6
6.422717106402738E-6
6.491420784532091E-6
6.485272373715556E-6
6.523372976897693E-6
6.4913090671801325E-6
6.496005683290777E-6
6.4817275574358205E-6
6.4944515786760015E-6
6.516421122220796E-6
6.480940985212347E-6
6.490686864888506E-6
6.522704086524042E-6
6.522544227048329E-6
6.5224367496443225E-6
6.532979243825537E-6
6.539390964327168E-6
6.530389165955285E-6
6.586213788696023E-6
6.5777107726522105E-6
6.558147155446819E-6
6.535752126496405E-6
6.563869192038738E-6
6.562407609810871E-6
6.576549531195156E-6
6.569314698061917E-6
6.572346230742299E-6
6.583698372853923E-6
6.559393748787181E-6
6.539081748864412E-6
6.538308427182355E-6
6.531048023509496E-6
6.533636285515523E-6
6.519734628180079E-6
6.582731600241593E-6
6.591866269731853E-6
6.560328968890611E-6
6.584206155198036E-6
6.621613356793773E-6
6.632259033062266E-6
6.6863891239817236E-6
6.64309916352485E-6
6.6312320582875865E-6
6.602390475641394E-6
6.602122161362356E-6
6.5955147885823534E-6
6.620524728286482E-6
6.643770217592838E-6
6.636250637061871E-6
6.667510074862563E-6
6.682525171541101E-6
6.655111826626984E-6
6.675645222467134E-6
6.7374250870839724E-6
6.7739218417856785E-6
6.815276647148221E-6
6.780826645553958E-6
6.732688689534802E-6
6.758062551455424E-6
6.807736416471421E-6
6.802785654310531E-6
6.758109880262925E-6
6.740425114827743E-6
6.758935877001493E-6
6.750687184155309E-6
6.7517789858046895E-6
6.780635847072182E-6
6.784013486040327E-6
6.827367646443478E-6
6.77692675988864E-6
6.74563721795101E-6
6.719030669764791E-6
6.7523154739260495E-6
6.776838976002121E-6
6.700271160483592E-6
6.70446394972631E-6
6.7217929788527795E-6
6.685604701528139E-6
6.64992242889819E-6
6.694809213023915E-6
6.693056635789125E-6
6.755177739330536E-6
6.778642333643573E-6
6.790109770814623E-6
6.803965863591032E-6
6.818720390575509E-6
6.779336419078539E-6
6.817235207070375E-6
6.826965738127867E-6
6.776541392157766E-6
6.81258357450454E-6
6.804303348822334E-6
6.852533665859254E-6
6.887491633978859E-6
6.827636653521554E-6
6.833728385045509E-6
6.885391623331135E-6
6.907580541834388E-6
6.872546210996393E-6
6.911388106675428E-6
6.903494464674031E-6
6.91461965765965E-6
6.9239339236353054E-6
6.8964045960683665E-6
6.916771769590426E-6
6.910429601014982E-6
6.98714829200851E-6
7.019271082633776E-6
6.98723632910395E-6
6.960103974825293E-6
6.958314057384653E-6
6.97487747595088E-6
6.946433833374179E-6
6.969419445893473E-6
6.921964016009621E-6
6.904875091970117E-6
6.838729091270977E-6
6.85422551207886E-6
6.871552973441075E-6
6.873220459809699E-6
6.887434122749549E-6
6.86977250771737E-6
6.895733852913534E-6
6.880275613193704E-6
6.9234563724912245E-6
6.921240736157616E-6
6.957149458201916E-6
6.97066698518554E-6
6.955073109000624E-6
6.933952978534504E-6
6.943577094488322E-6
6.919249520462983E-6
6.917950466370339E-6
6.930064460393961E-6
6.941409456131068E-6
6.8921157859438594E-6
6.914128027967724E-6
6.937592646383768E-6
6.915193255691142E-6
6.923376543610593E-6
6.881620409527537E-6
6.868899079154879E-6
6.887301641062478E-6
6.887168065743558E-6
6.872790203720381E-6
6.825741239090812E-6
6.8481110978230946E-6
6.870046509889602E-6
6.8675445156486186E-6
6.900479072111707E-6
6.880379426690222E-6
6.854866026741014E-6
6.853250177365598E-6
6.835865145355983E-6
6.820257476776511E-6
6.818174131017106E-6
6.8466262504281675E-6
6.897941538148977E-6
6.908430955167571E-6
6.9113990882011175E-6
6.9069499319211516E-6
6.995312609483977E-6
7.042063849869464E-6
7.017167768870686E-6
6.956304040962281E-6
6.981465558294103E-6
6.961259174563885E-6
6.993467473871934E-6
6.991093852043896E-6
6.965885970046449E-6
6.9987569647675524E-6
6.994835405994035E-6
7.002095678371946E-6
7.012378501332442E-6
6.9895308750461625E-6
7.012709884319324E-6
7.0058419271353415E-6
7.014099180761419E-6
6.988655088007741E-6
6.987710445581337E-6
6.990087225331594E-6
7.002855692740398E-6
7.036621078053659E-6
7.0728619126301455E-6
7.0793417636017755E-6
7.1095086413123135E-6
7.075923906833185E-6
7.0651963858025735E-6
7.0248746853317615E-6
7.011320261864418E-6
7.062441416025503E-6
7.035658580286576E-6
7.011508973842532E-6
6.989504181674076E-6
6.935091868210157E-6
6.9723456961715385E-6
6.982256987642845E-6
6.9544567919451055E-6
6.988135690047618E-6
6.992957857065635E-6
6.964380285704208E-6
6.9863521412221315E-6
6.937956607970929E-6
6.949305765348096E-6
6.944287659293212E-6
6.9431784827506215E-6
6.947121600468223E-6
6.977616323501637E-6
7.029577954616669E-6
7.051769528741695E-6
7.0451227922710465E-6
7.003440423936304E-6
7.004898369698558E-6
6.955255743489056E-6
6.946694871004843E-6
6.947763082964415E-6
6.950883387223446E-6
6.900034577992569E-6
6.9068127831934945E-6
6.882910354850914E-6
6.894264231473745E-6
6.910804344855473E-6
6.918859085715447E-6
6.940620706564882E-6
6.937252295661508E-6
6.927920337599272E-6
6.933887071472075E-6
6.9294017988121005E-6
7.020009999241709E-6
7.036979118470206E-6
7.037264651418037E-6
7.012255362988018E-6
7.046611982797196E-6
7.065730444694358E-6
7.060100259533268E-6
7.0476891613140276E-6
7.023151224565654E-6
7.023941811380105E-6
7.029892976196826E-6
6.993468938928078E-6
6.9166500604207804E-6
6.916033584239885E-6
6.984481809657399E-6
6.965497899324489E-6
7.003684739536467E-6
7.006523330242341E-6
7.001874510321402E-6
7.00217541585096E-6
7.054578422760965E-6
7.069904280160308E-6
7.050101542235611E-6
7.069145510115673E-6
7.026313632607917E-6
7.013992335349964E-6
6.926367029311083E-6
6.9149066054820225E-6
6.94216411358486E-6
6.936445869506589E-6
6.9301020960862075E-6
6.840842196151262E-6
6.827835704448109E-6
6.794906454320166E-6
6.794662397415966E-6
6.837519929580002E-6
6.874778677600445E-6
6.8498180525883956E-6
6.895146890658135E-6
6.877119019160696E-6
6.842205576127869E-6
6.881028811718647E-6
6.9034663645685925E-6
6.927410035309243E-6
6.894058020242605E-6
6.9555650258432565E-6
7.000656084344183E-6
7.002730880963873E-6
7.01641163518045E-6
7.017812997020123E-6
7.013671586568307E-6
7.000671411999967E-6
6.99722297586265E-6
6.98167473598689E-6
6.997413215888107E-6
6.99659629340618E-6
7.018300998771039E-6
6.994507461710102E-6
7.044690413779093E-6
7.092199533220156E-6
7.022834833815062E-6
7.007868307378891E-6
7.0329550458604E-6
6.995160942003859E-6
7.016583916764315E-6
7.003711876099343E-6
6.999886107333857E-6
7.005833775944232E-6
6.989574213395732E-6
6.992639245470509E-6
6.9535329104894315E-6
6.955296994520587E-6
6.9254807084433175E-6
6.925196735235159E-6
6.9157010920923264E-6
6.882596298369642E-6
6.8706546316165404E-6
6.868601683045982E-6
6.862467460355339E-6
6.895706520061974E-6
6.853599160790782E-6
6.83762491521163E-6
6.830242009359066E-6
6.830347429579167E-6
6.849500290046208E-6
6.907684201470354E-6
6.878584314371159E-6
6.876599191986867E-6
6.875721859104845E-6
6.896680298905909E-6
6.8891626185433265E-6
6.8856155902383515E-6
6.915125866864653E-6
6.929505928776701E-6
6.950477684655107E-6
6.992362000002262E-6
6.974067011754783E-6
7.003764970768587E-6
7.0050794408313705E-6
7.021866274657629E-6
7.01496378373636E-6
7.009326483313539E-6
7.021686879407916E-6
7.0760226102474354E-6
7.0728900575596E-6
7.079566937065142E-6
7.0749634722946875E-6
7.093815657330409E-6
7.098506169537696E-6
7.085562395860241E-6
7.099942016691078E-6
7.087425599315963E-6
7.112393907863237E-6
7.134873988994479E-6
7.192232985728407E-6
7.183027406448344E-6
7.190773249982757E-6
7.216777951821975E-6
7.218098881229798E-6
7.178404063169411E-6
7.133109192709347E-6
7.187291264009495E-6
7.189457482274605E-6
7.205601105069038E-6
7.220388679772162E-6
7.242640477127254E-6
7.200282894253132E-6
7.151911634758947E-6
7.162665388982059E-6
7.171632410957362E-6
7.191827203310365E-6
7.1731934067517115E-6
7.153681735141999E-6
7.165537011883903E-6
7.122998247639407E-6
7.099998725031974E-6
7.1117014528903746E-6
7.075578381105308E-6
7.050418677045595E-6
7.053078345550488E-6
7.058684889134008E-6
7.014354231258716E-6
7.0551852731991765E-6
7.053917858195087E-6
7.07151474175103E-6
7.040828692224089E-6
7.067339833131975E-6
7.091725037785498E-6
7.126471126924389E-6
7.1250758400800635E-6
7.110820324514904E-6
7.174339391058368E-6
7.131178381959433E-6
7.137072998477212E-6
7.104812131705507E-6
7.145291215031121E-6
7.188046095082193E-6
7.219904215647504E-6
7.209827725228912E-6
7.242440924084277E-6
7.255148663082264E-6
7.246236989594175E-6
7.268734149581497E-6
7.2753168359278575E-6
7.255886347569925E-6
7.301108618396059E-6
7.27057790083672E-6
7.305239425185509E-6
7.27225276545745E-6
7.247323075926531E-6
7.331789280121424E-6
7.356290687463307E-6
7.350889375580215E-6
7.41047911545039E-6
7.410482240887623E-6
7.4157407863335865E-6
7.3738001710239595E-6
7.403808288856773E-6
7.348657046516381E-6
7.3614144354038555E-6
7.381013731536283E-6
7.389597327524606E-6
7.374305241928326E-6
7.344071761315667E-6
7.365636732342628E-6
7.281578248485634E-6
7.299016178336663E-6
7.347318074201272E-6
7.3398883937935584E-6
7.356522674457571E-6
7.318314595769449E-6
7.275830033826203E-6
7.296756945979924E-6
7.295569109876267E-6
7.3018544644719866E-6
7.314759438711151E-6
7.277034662333174E-6
7.2777052293137436E-6
7.284521610032267E-6
7.3195234938255416E-6
7.317796361123676E-6
7.2737186752875385E-6
7.2295642791490455E-6
7.249925855071414E-6
7.263534157987157E-6
7.312355424239066E-6
7.286695509809177E-6
7.358432745777707E-6
7.300110520203377E-6
7.302214213020623E-6
7.269709999641687E-6
7.239446854414921E-6
7.244432623214234E-6
7.245435167801233E-6
7.290892339297247E-6
7.284700140285359E-6
7.374209759126291E-6
7.3349927911962904E-6
7.325336960364991E-6
7.298624185399749E-6
7.303975976674286E-6
7.2488383110180415E-6
7.179680779825437E-6
7.1667378181220415E-6
7.149178053470701E-6
7.104200434983887E-6
7.130723303169671E-6
7.1169963167522106E-6
7.135025556240074E-6
7.133398135261339E-6
7.129807290200268E-6
7.1399901515436975E-6
7.139585729895321E-6
7.14357931561081E-6
7.094496584928131E-6
7.063712791277041E-6
7.062573642756068E-6
7.041800848329618E-6
7.105996479339697E-6
7.071318312476822E-6
7.088349761277146E-6
7.020682790919975E-6
7.006157760064077E-6
6.92801929973174E-6
6.952106122922429E-6
6.969783440059978E-6
6.96790657024484E-6
7.0290128051706286E-6
7.015709348527669E-6
7.025881996202886E-6
7.028942787120079E-6
7.028355700850737E-6
7.048380494955991E-6
7.033710370220669E-6
7.012978867569332E-6
7.05152815361374E-6
7.0904455979159535E-6
7.105451573837977E-6
7.138792513463652E-6
7.107901025942982E-6
7.015888882654182E-6
7.076420924136057E-6
7.086337720695808E-6
7.076025313489621E-6
7.0798090140641545E-6
7.0766027125091835E-6
7.090509546138601E-6
7.133814438949515E-6
7.182224213812782E-6
7.176150698567509E-6
7.2110225979609205E-6
7.184193563952256E-6
7.167440221782113E-6
7.186313302954357E-6
7.147278421142733E-6
7.126579078187272E-6
7.130912958874047E-6
7.149630678052958E-6
7.1732731161554186E-6
7.19857772683213E-6
7.23622254949006E-6
7.235925791316932E-6
7.242180605506413E-6
7.14590137889615E-6
7.144981481902169E-6
7.179078812617783E-6
7.15747578885412E-6
7.167929414965016E-6
7.209048916563046E-6
7.304547625982001E-6
7.314038529281903E-6
7.251224716614366E-6
7.271740314183407E-6
7.274084465313763E-6
7.288725152037854E-6
7.2670221482059445E-6
7.321775352767447E-6
7.318439505115239E-6
7.322608318745403E-6
7.248247441849464E-6
7.270430934924816E-6
7.3130239478985155E-6
7.36051922210939E-6
7.405171707578223E-6
7.411027990231848E-6
7.378677867012691E-6
7.4025772469195075E-6
7.410912203356262E-6
7.412656118935733E-6
7.410599434207888E-6
7.361389755341702E-6
7.346448572978355E-6
7.374795222964295E-6
7.364617531367248E-6
7.35559448798796E-6
7.428419730598911E-6
7.450969681827583E-6
7.436316841085841E-6
7.412957050129484E-6
7.479605744189488E-6
7.515255449454018E-6
7.518457728275826E-6
7.515165509916674E-6
7.544909906271469E-6
7.557291403684962E-6
7.57078827230921E-6
7.586897197371669E-6
7.582343600993913E-6
7.485065504754724E-6
7.467277890105257E-6
7.448129616163802E-6
7.4444471671054166E-6
7.465098560686453E-6
7.566455107314017E-6
7.561705815837044E-6
7.580662292646712E-6
7.5882071050261465E-6
7.5981010315927505E-6
7.5486533963393936E-6
7.500391098028639E-6
7.534250845385858E-6
7.47486786997696E-6
7.409857286636961E-6
7.3673555572826485E-6
7.377608832747357E-6
7.393007421148675E-6
7.401385395122862E-6
7.4452148132432125E-6
7.4642610063340216E-6
7.453667083226775E-6
7.471690105320739E-6
7.505083302827654E-6
7.496118036094636E-6
7.507794423746482E-6
7.526598969438962E-6
7.521336741105764E-6
7.496333971745528E-6
7.478798483344321E-6
7.523754197661143E-6
7.509284502756002E-6
7.4588241220166735E-6
7.463220762348857E-6
7.458009732917787E-6
7.356936817163324E-6
7.388223225025611E-6
7.400311507146627E-6
7.421924031316165E-6
7.510524063999053E-6
7.505911790709546E-6
7.492108012644723E-6
7.469343314065834E-6
7.527505524789523E-6
7.53469468569059E-6
7.513390721503298E-6
7.505348000539375E-6
7.455949570719567E-6
7.568704668827742E-6
7.5374390203114164E-6
7.583706886733836E-6
7.583803047643953E-6
7.600019573464904E-6
7.51611319847933E-6
7.5559382081824505E-6
7.534341319966634E-6
7.549309741821255E-6
7.549264822801213E-6
7.606861919435771E-6
7.6003879290551756E-6
7.69396865679304E-6
7.673934188766541E-6
7.731652348919527E-6
7.731535802915939E-6
7.708535770580143E-6
7.743292430565391E-6
7.802079351321838E-6
7.771484617576419E-6
7.74437254774575E-6
7.714041730337347E-6
7.716396684578159E-6
7.748107338081433E-6
7.704875426863975E-6
7.726472078806895E-6
7.728694148936191E-6
7.726656308569349E-6
7.704853626455484E-6
7.65252957026478E-6
7.650710446221717E-6
7.648125467069684E-6
7.658159483327759E-6
7.63863525633576E-6
7.590905159127559E-6
7.591327374781222E-6
7.67283200208029E-6
7.649069470695871E-6
7.6035551787513785E-6
7.587431816255345E-6
7.63439968530303E-6
7.61300057652629E-6
7.641022093847302E-6
7.581145976606227E-6
7.638049354793988E-6
7.701651385164335E-6
7.75115412902297E-6
7.764717505814967E-6
7.775333271882425E-6
7.736031244102727E-6
7.704529864685354E-6
7.649877018399348E-6
7.551859938698212E-6
7.559713314255132E-6
7.500337779075106E-6
7.488057801125758E-6
7.456047482749033E-6
7.415528635681505E-6
7.4329441690096605E-6
7.399582728596327E-6
7.395937749750867E-6
7.401881939605506E-6
7.4297775850722476E-6
7.411524157579482E-6
7.439650205593454E-6
7.428672629127114E-6
7.425371504738864E-6
7.3124177848736355E-6
7.304881157262471E-6
7.313452278610516E-6
7.326107620543152E-6
7.336701818662796E-6
7.331326533934046E-6
7.369415296648323E-6
7.354651729187334E-6
7.349817466091802E-6
7.32199728924235E-6
7.2694337004118E-6
7.340418050243666E-6
7.2818260408301684E-6
7.27394975382205E-6
7.284425646303693E-6
7.276661544563467E-6
7.304167163237863E-6
7.335274427196799E-6
7.346808516401036E-6
7.2952754256051995E-6
7.3252724485799355E-6
7.2616959267684005E-6
7.2480860268297205E-6
7.2399611574627355E-6
7.178661186894089E-6
7.147804695291991E-6
7.119061462588357E-6
7.041841177098001E-6
6.986660860205941E-6
6.943111393452395E-6
6.941566121831214E-6
6.93377403962203E-6
6.9431434416082145E-6
6.969643084657237E-6
6.902431964824233E-6
6.9056534745436395E-6
6.843949565789446E-6
6.848206779424369E-6
6.846481677965185E-6
6.874349793427504E-6
6.806517029074492E-6
6.8184786495515895E-6
6.832243297193318E-6
6.826852648910194E-6
6.840077882369084E-6
6.880907574353152E-6
6.885830107690028E-6
6.862625429917654E-6
6.853964342436723E-6
6.854720958940362E-6
6.893350551175938E-6
6.917089686732817E-6
6.886032143645061E-6
6.816787360874595E-6
6.854379360139693E-6
6.88521124307275E-6
6.917305582367398E-6
6.901140169067238E-6
6.942102969284418E-6
6.9375971004222675E-6
6.916388532511153E-6
6.929672335012076E-6
6.934001421848421E-6
6.886663976044048E-6
6.8694787351366235E-6
6.855115031394584E-6
6.838813582246E-6
6.882594292629258E-6
6.857149286423839E-6
6.8338129339294974E-6
6.8324072472372155E-6
6.846877750773104E-6
6.849341206715212E-6
6.841709347477981E-6
6.8967077997189755E-6
6.9329072223829574E-6
6.920254511072215E-6
6.947483135801317E-6
6.982388764848505E-6
6.996001820535616E-6
7.011471489918083E-6
7.017583093085319E-6
7.048809240237645E-6
7.073459938432641E-6
7.057698697526896E-6
7.0563510410921534E-6
6.997336725135241E-6
6.9979358776185974E-6
6.99267668650658E-6
6.964398378147125E-6
6.9533171412022836E-6
6.9624541024298425E-6
6.9856441726439375E-6
6.96320182018299E-6
6.919300186595139E-6
6.921142614745218E-6
6.946958914626005E-6
6.89369100487301E-6
6.8582567745153155E-6
6.812456293254915E-6
6.748690192244269E-6
6.761824333414748E-6
6.702806957545477E-6
6.722710078817356E-6
6.718723535646755E-6
6.733893959441451E-6
6.745234729414383E-6
6.72270689728653E-6
6.754531093060495E-6
6.8170178376794775E-6
6.829396844266834E-6
6.809225656725333E-6
6.817322054937688E-6
6.826807648274409E-6
6.81068810488538E-6
6.966156461530361E-6
6.980966101667896E-6
7.016495794726946E-6
6.979399409237288E-6
7.005471373038743E-6
7.043660081704055E-6
7.062690722354584E-6
7.107081236213694E-6
7.070952156912926E-6
7.127816444661151E-6
7.136990429041495E-6
7.2088603081038455E-6
7.238052085816711E-6
7.223758886836086E-6
7.227560597581857E-6
7.207227738370519E-6
7.214079913781922E-6
7.252294156280954E-6
7.322537826719631E-6
7.269516360010371E-6
7.295300661302567E-6
7.286868916853759E-6
7.291138018349874E-6
7.3058430545231344E-6
7.2869547901666685E-6
7.292629666836258E-6
7.279381766799138E-6
7.29812968054343E-6
7.2225710519738755E-6
7.215658926876016E-6
7.117545441430702E-6
7.137373569015111E-6
7.0993539535278475E-6
7.0830361374572384E-6
7.08165522113405E-6
7.0497578137489796E-6
7.031175643952391E-6
7.045834060083009E-6
7.0146883152315636E-6
7.0337380590860266E-6
7.063170342228326E-6
7.088722229621903E-6
7.122180874118668E-6
7.103520801721519E-6
7.09708416203194E-6
7.0100571035233604E-6
6.971381565177295E-6
6.979870082653001E-6
6.983963759675078E-6
6.884308092602203E-6
6.875371018236406E-6
6.868810253955301E-6
6.92606512101272E-6
6.9075011811267105E-6
6.928357968251559E-6
6.923968784050425E-6
7.012924187477691E-6
7.010368423728416E-6
7.059204733063843E-6
7.062961709200635E-6
7.036784205177044E-6
6.986060292223735E-6
6.943664266669774E-6
6.925257740817392E-6
6.923955053742052E-6
6.93379743266147E-6
6.9427253052424406E-6
6.9689061723773755E-6
6.931266850236321E-6
7.0156706292039245E-6
7.05378281368808E-6
7.052201969150641E-6
7.051213422953007E-6
7.04311424131483E-6
7.029622674055413E-6
7.080190104684052E-6
7.053746580488824E-6
6.89543645988379E-6
6.906688543778186E-6
6.967916445868664E-6
6.922899663236966E-6
6.925269634033171E-6
6.908910235983741E-6
6.905559099463145E-6
6.877939847478233E-6
6.885943749871412E-6
6.934676888350885E-6
6.877949391637618E-6
6.917161535731038E-6
6.9316560247862725E-6
6.96485502777128E-6
6.948907737826135E-6
6.979133153352442E-6
6.933027220050346E-6
7.05974303212523E-6
7.067028314162063E-6
7.072260543255873E-6
7.089041142071268E-6
7.041791086098662E-6
7.054807554731609E-6
7.0245057065948556E-6
7.01535237294046E-6
7.034915870599557E-6
7.050984142735633E-6
7.059195915247735E-6
7.064462556643118E-6
7.03314093751236E-6
7.037058690214906E-6
7.1060051839871365E-6
7.146827952298173E-6
7.123702812684869E-6
7.099149490550193E-6
7.106039799278772E-6
7.074582712758319E-6
7.085653104007975E-6
7.085026940389308E-6
7.051973657735151E-6
7.0324940267157235E-6
7.0298025081846144E-6
6.994375541756895E-6
6.986131737014522E-6
7.569020794523812E-6
7.628065723865882E-6
7.65570615388974E-6
7.687437399586038E-6
7.66059479235425E-6
7.640278257388364E-6
7.616333765984874E-6
7.608976863955536E-6
7.635437751807737E-6
7.618986690882583E-6
7.597758568599485E-6
7.648476906847186E-6
7.603831196070981E-6
7.613792204342004E-6
7.622012402775722E-6
7.609880100554994E-6
7.650035266349802E-6
7.5752184926509165E-6
7.65066847139594E-6
7.695343473271997E-6
7.663080351608064E-6
7.675504921885051E-6
7.63639686681913E-6
7.632738813408453E-6
7.650753849004917E-6
7.640823347147384E-6
7.692314670163395E-6
7.681673972816787E-6
7.702748629612974E-6
7.70814259055155E-6
7.674423106540966E-6
7.677602559507767E-6
7.660492482577864E-6
7.64601911130688E-6
7.645840167422296E-6
7.615428846269549E-6
7.63649339405536E-6
7.65896011710958E-6
7.64911397613008E-6
7.654818089073218E-6
7.650251371493177E-6
7.673360062007764E-6
7.714309396118459E-6
7.682402962973316E-6
7.70015291668072E-6
7.676635504108997E-6
7.700372861407547E-6
7.6581728732408E-6
7.657083564405939E-6
7.692087824365625E-6
7.677650955232203E-6
7.686572628084633E-6
7.700763607454685E-6
7.686521717525276E-6
7.68274102191674E-6
7.667705951196109E-6
7.655068363836278E-6
7.638487535298322E-6
7.647057537992264E-6
7.654456110363801E-6
7.653050064039524E-6
7.670106130990843E-6
7.688091794408041E-6
7.684396497908268E-6
7.652282863312604E-6
7.682448296531036E-6
7.698175892257583E-6
7.764869557915507E-6
7.67316459057685E-6
7.700928182562393E-6
7.742232832372902E-6
7.724876907386812E-6
7.751764173423676E-6
7.762392086265578E-6
7.76392321155329E-6
7.760279875666571E-6
7.77213792002482E-6
7.729442394997912E-6
7.719367641435936E-6
7.672996865277644E-6
7.644960377912294E-6
7.624724920142427E-6
7.610390685995121E-6
7.626322451553279E-6
7.647193396108174E-6
7.684352576564716E-6
7.700093571851975E-6
7.721614194339901E-6
7.650884541053699E-6
7.599051774665204E-6
7.646290880422614E-6
7.66309456669173E-6
7.68960164148539E-6
7.694922786772907E-6
7.696601730306823E-6
7.698031120089458E-6
7.65756513144547E-6
7.656952806283551E-6
7.669309725362627E-6
7.704934161628382E-6
7.688477175832223E-6
7.702411413622352E-6
7.710115780196947E-6
7.67323467530278E-6
7.701909084878982E-6
7.743475863875616E-6
7.751875423455995E-6
7.776675689645435E-6
7.785162249167483E-6
7.779681269028749E-6
7.781775614493207E-6
7.782102932451548E-6
7.810834770888515E-6
7.781831297052837E-6
7.849985111615486E-6
7.881080543116154E-6
7.908277747218362E-6
7.932987959540317E-6
7.91605558954695E-6
7.91818051959881E-6
7.851413362979435E-6
7.873132151268455E-6
7.868731838168293E-6
7.824616142530239E-6
7.84647986143239E-6
7.865424471866846E-6
7.798840802134517E-6
7.769888745339536E-6
7.716319089428725E-6
7.831173738931782E-6
7.844651970505957E-6
7.872707395275674E-6
7.899279696303006E-6
7.881022964093022E-6
7.835051929194264E-6
7.818644706485369E-6
7.820809195429533E-6
7.819889434515231E-6
7.852884897160244E-6
7.804190402622747E-6
7.798234846223623E-6
7.785996372762189E-6
7.795768516936542E-6
7.822163907979153E-6
7.752816061303376E-6
7.766600504965088E-6
7.787817046704372E-6
7.734309709880186E-6
7.72739037490067E-6
7.759061236736601E-6
7.743105238028353E-6
7.689539757409477E-6
7.655665371667689E-6
7.664008468298326E-6
7.671710887843171E-6
7.655489009794042E-6
7.632219483720202E-6
7.669224106904472E-6
7.617078496232505E-6
7.62901915128077E-6
7.6352675301908E-6
7.659450811416572E-6
7.6050224384594556E-6
7.593365041384532E-6
7.5263007599064575E-6
7.521471105022753E-6
7.447331930091152E-6
7.4228528289670254E-6
7.435376585276109E-6
7.445233168772371E-6
7.542642602171517E-6
7.514775352650238E-6
7.529098268451269E-6
7.576762514137982E-6
7.548776117089458E-6
7.551146737325931E-6
7.586910989733431E-6
7.538497258897134E-6
7.533926011109352E-6
7.5522810708945064E-6
7.554398256289743E-6
7.5486693232609235E-6
7.563374777064067E-6
7.5265341146884274E-6
7.518530302467637E-6
7.535403634911837E-6
7.55088840252193E-6
7.522520149451895E-6
7.406113409185301E-6
7.428653816074611E-6
7.447229452297875E-6
7.456009050537217E-6
7.492525409010949E-6
7.460138061360736E-6
7.457917601249274E-6
7.461271236254534E-6
7.491601824768473E-6
7.446148888982493E-6
7.411133228654368E-6
7.398613186106277E-6
7.3931170005356774E-6
7.3924736605081864E-6
7.395994655510691E-6
7.3614268674154626E-6
7.30039415247781E-6
7.177047004976504E-6
7.179262287081322E-6
7.206423810503215E-6
7.26432632405247E-6
7.247355303323863E-6
7.255579299159343E-6
7.285611448143033E-6
7.272443438639656E-6
7.243651280838075E-6
7.221621345308636E-6
7.23869866520729E-6
7.238685326674605E-6
7.229879530694801E-6
7.237190546768525E-6
7.247382801999254E-6
7.252214360503251E-6
7.227865753156929E-6
7.230924089055256E-6
7.2224436246590005E-6
7.238474947717613E-6
7.241026388436788E-6
7.2400963962540036E-6
7.16752319050047E-6
7.138398837063355E-6
7.11209941031986E-6
7.1174115177787816E-6
7.1417855353003355E-6
7.197630575700625E-6
7.181175369057433E-6
7.18949697968293E-6
7.213928334600679E-6
7.228598881739799E-6
7.201190769077158E-6
7.195692574198929E-6
7.191145990907857E-6
7.155614085060574E-6
7.1564423221560995E-6
7.148214035828891E-6
7.16223645465353E-6
7.183447901154736E-6
7.194444280360138E-6
7.198950084091163E-6
7.196124151557418E-6
7.251854857038408E-6
7.266997777173656E-6
7.3258317383839735E-6
7.3453166784628115E-6
7.348653406505898E-6
7.346736219424304E-6
7.3784838148913E-6
7.323456229806636E-6
7.345033534266795E-6
7.352860310436891E-6
7.360578244838672E-6
7.3877766481896005E-6
7.423022605732892E-6
7.447555274314878E-6
7.445808119681881E-6
7.425446825929241E-6
7.474234096054078E-6
7.5039308916849945E-6
7.520295619827969E-6
7.511888870899808E-6
7.538193859984623E-6
7.5232457636874014E-6
7.529040502477593E-6
7.551832193108139E-6
7.583542860889705E-6
7.54760581190483E-6
7.5408497529558495E-6
7.536702970269682E-6
7.495098316223704E-6
7.50398182099135E-6
7.485610555642537E-6
7.4384328821715134E-6
7.468807835130355E-6
7.474696080507235E-6
7.451086349509136E-6
7.458821988130066E-6
7.423795572477063E-6
7.417878173973354E-6
7.390124391848782E-6
7.381293390594593E-6
7.424328525837557E-6
7.405780985232555E-6
7.433335368598382E-6
7.51032104727167E-6
7.484231906480065E-6
7.491504445501363E-6
7.568584102208874E-6
7.544338784173579E-6
7.5478577536560394E-6
7.5450557492792975E-6
7.580087103453474E-6
7.581684615156722E-6
7.597623209946434E-6
7.627762092717575E-6
7.659913148457754E-6
7.649604998892265E-6
7.625323608124242E-6
7.642836531347265E-6
7.668102348235073E-6
7.730456256464952E-6
7.790242407115741E-6
7.716005935479191E-6
7.67713521321381E-6
7.658736761760797E-6
7.622504292045475E-6
7.624018040925489E-6
7.609513169377845E-6
7.603885431360076E-6
7.643589715300222E-6
7.640924859017275E-6
7.611466517596815E-6
7.631137593961207E-6
7.625911683047813E-6
7.599095639065201E-6
7.528791619587151E-6
7.522896941879748E-6
7.562808381265802E-6
7.577747473470583E-6
7.5416885095032535E-6
7.533391681453042E-6
7.5206358106785654E-6
7.49598007453282E-6
7.449249818446208E-6
7.47828224214696E-6
7.484261167012733E-6
7.458413592299595E-6
7.429413238004961E-6
7.463990594304226E-6
7.491241663372635E-6
7.462827404642595E-6
7.433335042902242E-6
7.442718896953461E-6
7.448136183864355E-6
7.427499307261783E-6
7.44475443954229E-6
7.4604979335549565E-6
7.387601077587715E-6
7.3670963588821965E-6
7.3636014095735155E-6
7.392649149020754E-6
7.358165364175897E-6
7.354816857901564E-6
7.369228003147461E-6
7.45216279429203E-6
7.449630435812417E-6
7.4417082683547266E-6
7.4990442722475735E-6
7.528939663152552E-6
7.489726797062177E-6
7.508619357454862E-6
7.536150567554343E-6
7.595716540435712E-6
7.5739085682715395E-6
7.556253523550001E-6
7.539691571742073E-6
7.4631545802009916E-6
7.499733624392665E-6
7.477560885488247E-6
7.4453616242353985E-6
7.4028333909590826E-6
7.382198423041917E-6
7.370067492026957E-6
7.327959955262169E-6
7.319680758499896E-6
7.332297904619081E-6
7.293403254536627E-6
7.292243573116482E-6
7.286174362943266E-6
7.2878021253284E-6
7.279098124908543E-6
7.291192034676455E-6
7.274441182432678E-6
7.297032731473854E-6
7.301741477039703E-6
7.306764599338885E-6
7.314669383524742E-6
7.331557323547709E-6
7.343352968749783E-6
7.324948106844997E-6
7.3330110446860355E-6
7.342100496744075E-6
7.368003812916913E-6
7.393480571107936E-6
7.394869623538477E-6
7.3814673223437906E-6
7.36582706007528E-6
7.371792782262452E-6
7.331930508865128E-6
7.332969920953254E-6
7.358481620070309E-6
7.355149000080436E-6
7.393576524323783E-6
7.3384706838340765E-6
7.395243184874237E-6
7.411484835380421E-6
7.437467661855809E-6
7.4183939417996185E-6
7.422641264108558E-6
7.4061522945452905E-6
7.359721319592306E-6
7.343660866829552E-6
7.3736779007222075E-6
7.363613974153189E-6
7.365872037817923E-6
7.392466128945742E-6
7.355451302607112E-6
7.362873100944334E-6
7.386316621074685E-6
7.379398581795131E-6
7.384128599128718E-6
7.378623366777025E-6
7.347043204027415E-6
7.3287202885303304E-6
7.347481876952121E-6
7.361482861396839E-6
7.402772889923552E-6
7.4114565555882815E-6
7.397151678771395E-6
7.39052657832987E-6
7.366558665542374E-6
7.383334343369643E-6
7.400657381853483E-6
7.398158865026007E-6
7.43142308738815E-6
7.476640790638583E-6
7.476952262118203E-6
7.498355938776837E-6
7.523229168567169E-6
7.479233124648044E-6
7.445756502652056E-6
7.4754784613854E-6
7.498467734882226E-6
7.513806650391933E-6
7.505340954895484E-6
7.50624539071494E-6
7.53128622276059E-6
7.490659413593606E-6
7.50736244496555E-6
7.474575481580589E-6
7.492877685601572E-6
7.527636653910361E-6
7.550636509042374E-6
7.48506181012247E-6
7.489086492684976E-6
7.5194190524581055E-6
7.4895592456771695E-6
7.552718157041218E-6
7.523849446474017E-6
7.525139454608068E-6
7.552343277784855E-6
7.541973374080345E-6
7.583800497762853E-6
7.5668755277312395E-6
7.541608148226247E-6
7.459273279542116E-6
7.397596482286353E-6
7.4022379627188865E-6
7.394441265728478E-6
7.395376581404683E-6
7.376894305409943E-6
7.369885352710557E-6
7.3638883387210814E-6
7.339371773747642E-6
7.3149932196205324E-6
7.331829570346369E-6
7.3428095472225505E-6
7.302808572857456E-6
7.1955716335656385E-6
7.217512979825867E-6
7.244176776301511E-6
7.227380293481968E-6
7.217156038425173E-6
7.259062200056984E-6
7.287668426477096E-6
7.288909029101655E-6
7.243021120173851E-6
7.223663234608999E-6
7.248348698163267E-6
7.262538199842513E-6
7.278323416801108E-6
7.264147288768393E-6
7.271900140554687E-6
7.320727643794194E-6
7.308824102033618E-6
7.302962634766809E-6
7.2659977188165905E-6
7.3189490318400975E-6
7.322780232601307E-6
7.325341507625023E-6
7.284440048539605E-6
7.263154462186646E-6
7.2683484155005096E-6
7.298258428103995E-6
7.245567861144767E-6
7.277165619341897E-6
7.254326204549936E-6
7.225804418893941E-6
7.2277084875522395E-6
7.264320000059388E-6
7.3242067020917464E-6
7.3477274774352636E-6
7.350207136494981E-6
7.31848672436662E-6
7.359919808516396E-6
7.359620504624303E-6
7.3669574608098E-6
7.421953365245061E-6
7.386604125107148E-6
7.413849796047413E-6
7.392803203869445E-6
7.404762150796417E-6
7.400325449399613E-6
7.40286391363274E-6
7.388221421925867E-6
7.434600850019355E-6
7.476310495675375E-6
7.467171681512324E-6
7.423101710822451E-6
7.447104592763364E-6
7.411164287548477E-6
7.421590336985156E-6
7.381047600362707E-6
7.384145184469227E-6
7.433129509463874E-6
7.440543481897446E-6
7.56747039911881E-6
7.537080836740994E-6
7.53688864021882E-6
7.534451576601057E-6
7.5490426221096305E-6
7.530382223388958E-6
7.55242340751811E-6
7.559654636582732E-6
7.568765983059953E-6
7.54185892772272E-6
7.530613526341353E-6
7.506461408544851E-6
7.522354225010661E-6
7.516304241956305E-6
7.561512065936461E-6
7.554019513005528E-6
7.599935109841867E-6
7.553499742884337E-6
7.509738546668039E-6
7.476997097766979E-6
7.451047517433329E-6
7.417209300991038E-6
7.4229612335930325E-6
7.42719599660503E-6
7.424729078369897E-6
7.396549937246334E-6
7.393566199761027E-6
7.379300566419634E-6
7.3983346671179905E-6
7.4035957875292285E-6
7.394721212294508E-6
7.364996495682289E-6
7.3676578114160255E-6
7.345816091475762E-6
7.357510357815013E-6
7.311167752460948E-6
7.324506100374016E-6
7.328065810743939E-6
7.333365539116214E-6
7.314636182837653E-6
7.342439827911394E-6
7.26313595832511E-6
7.290558520551536E-6
7.357480056388588E-6
7.323999277822034E-6
7.2793506769814905E-6
7.2868165540537755E-6
7.315178532838787E-6
7.316902296503069E-6
7.344997863442869E-6
7.3891434684054135E-6
7.404143196513508E-6
7.408452876518561E-6
7.422881754921827E-6
7.481808459637656E-6
7.525227979433358E-6
7.518142098582613E-6
7.50284179171926E-6
7.448241228895063E-6
7.464967670063589E-6
7.4915950983320625E-6
7.509992787364423E-6
7.4678854128142326E-6
7.471643757124416E-6
7.4738264164515385E-6
7.487138076380024E-6
7.55485780223151E-6
7.544423732690295E-6
7.500345448944254E-6
7.502670288911826E-6
7.549097410134804E-6
7.57785791964118E-6
7.55698309173141E-6
7.571994569281626E-6
7.54495125601726E-6
7.538331807954603E-6
7.531065777114499E-6
7.543378087391832E-6
7.632936817404561E-6
7.629510035108138E-6
7.644270316452251E-6
7.639189113621775E-6
7.654305843877149E-6
7.68367343506761E-6
7.731265384678159E-6
7.698933083954288E-6
7.726738114451853E-6
7.75869681622779E-6
7.712381638470829E-6
7.668330880548197E-6
7.618335129128465E-6
7.636658015774064E-6
7.6260412783347774E-6
7.609859357107217E-6
7.615090802616459E-6
7.619177730223443E-6
7.6287335898586476E-6
7.6272065702644E-6
7.603418444581246E-6
7.602668532808387E-6
7.588203790000647E-6
7.616904232307667E-6
7.5903769047079225E-6
7.604168701547917E-6
7.601193102670307E-6
7.604745650644126E-6
7.634948097375177E-6
7.668227979261478E-6
7.682890121279729E-6
7.608132722148319E-6
7.608749544105173E-6
7.5809090346987455E-6
7.569346644299188E-6
7.587397320108122E-6
7.56255823519125E-6
7.569252820027151E-6
7.683819769684871E-6
7.703426426458027E-6
7.642317044490164E-6
7.646193321579725E-6
7.663874811859608E-6
7.659238610350908E-6
7.720127431781541E-6
7.732571982747551E-6
7.805649509275945E-6
7.809674530957068E-6
7.851608893528635E-6
7.899808449871769E-6
7.850571973734996E-6
7.826115179456336E-6
7.861666888157822E-6
7.900044549523144E-6
7.957047253173032E-6
7.925832087576895E-6
7.900305908445036E-6
7.841302942117813E-6
7.783928378241663E-6
7.822853643304841E-6
7.777370543976347E-6
7.850457447215669E-6
7.856900953888508E-6
7.877281707276133E-6
7.880726578562987E-6
7.885254295052756E-6
7.881703731092515E-6
7.813367472399414E-6
7.855464199986913E-6
7.876457992441474E-6
7.872751901519291E-6
7.877199164666561E-6
7.84917891655243E-6
7.87775810700973E-6
7.855553364980256E-6
7.888342320970987E-6
7.887025314541822E-6
7.867164537932374E-6
7.839806298811525E-6
7.878543382524562E-6
7.873873270606053E-6
7.88443197916033E-6
7.873152584368194E-6
7.926833298342402E-6
7.906527743763222E-6
7.923298992571746E-6
7.95226576631129E-6
7.951404222452938E-6
7.959093237409465E-6
7.92276454432295E-6
7.879966541456128E-6
7.833760238834792E-6
7.821169176760329E-6
7.816379905075778E-6
7.802998985199385E-6
7.827083129821445E-6
7.852370158758858E-6
7.821447878600006E-6
7.803090456513112E-6
7.81867099997475E-6
7.817851441083777E-6
7.809892990538236E-6
7.819699405874815E-6
7.847232487854131E-6
7.850956589864915E-6
7.91667845041357E-6
7.934632123761496E-6
7.932751256100544E-6
7.916843039734203E-6
7.814768822294252E-6
7.877261926418884E-6
7.85299700241362E-6
7.804680490726451E-6
7.795792971776837E-6
7.745299662236666E-6
7.831082885239823E-6
7.864547096595813E-6
7.864354398866148E-6
7.938196809013713E-6
7.868935184387628E-6
7.863875603711689E-6
7.81371032603629E-6
7.834696244798072E-6
7.835766797168374E-6
7.847232747323553E-6
7.918277570139277E-6
7.947737616873407E-6
7.985879544406371E-6
8.010675543958463E-6
8.00497090891715E-6
7.988166117406298E-6
7.952257578501437E-6
7.922724055130415E-6
7.9141140285144E-6
7.883495235422423E-6
7.93248932132709E-6
7.940969803475226E-6
7.946846486352057E-6
7.930043553893348E-6
7.970273017189185E-6
7.95256757777451E-6
7.997298183751306E-6
7.941015372761333E-6
7.933865446537768E-6
7.898671466578853E-6
7.913925012730254E-6
8.002098277648639E-6
8.035949838818802E-6
8.047438244280107E-6
8.054071410865203E-6
8.071142529916127E-6
7.995017911901707E-6
8.012133313129103E-6
8.055601574291663E-6
8.024352236296432E-6
8.027474782820358E-6
8.037926064625257E-6
8.0718101466657E-6
7.992096518618341E-6
8.015612664490176E-6
7.977794009672718E-6
8.00097614870268E-6
7.99987421907274E-6
7.988844395816632E-6
7.973691675089572E-6
7.965193233231183E-6
7.961265086516022E-6
7.907992315625162E-6
7.915820681379382E-6
7.924238339355505E-6
7.856616711404072E-6
7.842180838408093E-6
7.823665880456578E-6
7.813676235138674E-6
7.81578475530804E-6
7.807976437550376E-6
7.812159742785102E-6
7.780920454652758E-6
7.806893388763034E-6
7.757970051490759E-6
7.79091261222263E-6
7.786050740615368E-6
7.79568758781393E-6
7.769742888828622E-6
7.86699138955027E-6
7.821709645847558E-6
7.822476578710702E-6
7.782296758584285E-6
7.797790373977814E-6
7.81375014847181E-6
7.856933535282174E-6
7.847170738507144E-6
7.865730274053641E-6
7.872268979876602E-6
7.89796939175453E-6
7.890260132600249E-6
7.822900434276217E-6
7.797916869901916E-6
7.810570771627468E-6
7.781547887469574E-6
7.78201842185077E-6
7.770294613186464E-6
7.749707168608766E-6
7.679200723444844E-6
7.714795822766042E-6
7.677965731030985E-6
7.671022194506668E-6
7.676556225155889E-6
7.734876440762102E-6
7.755578705481433E-6
7.767878918311351E-6
7.741479056566486E-6
7.792129968499498E-6
7.777628962139585E-6
7.80102441799863E-6
7.673839888525902E-6
7.680501390038687E-6
7.693680352970226E-6
7.65766963648525E-6
7.65805011630707E-6
7.65506418512955E-6
7.674165185577652E-6
7.702412891158968E-6
7.701945965180987E-6
7.699439663457107E-6
7.741957953904562E-6
7.73181037538025E-6
7.718667293848553E-6
7.730490475704431E-6
7.742207490383839E-6
7.770675559356779E-6
7.761420428031855E-6
7.77756033299485E-6
7.766985103081624E-6
7.823713631503117E-6
7.809369646503535E-6
7.894556248821729E-6
7.956781993229383E-6
7.878032770946706E-6
7.914357146410513E-6
7.865820093029166E-6
7.8187227687752E-6
7.84055419109376E-6
7.82358658763401E-6
7.845952105416904E-6
7.853191511629915E-6
7.811148311348991E-6
7.846218592684232E-6
7.856335676545122E-6
7.845644777908063E-6
7.877420183682515E-6
7.915765699077409E-6
7.915209834269182E-6
7.906467483858594E-6
7.878028289778489E-6
7.891454224356725E-6
7.852676622518243E-6
7.818970996383264E-6
7.83957913471772E-6
7.8281783118592E-6
7.793506787856013E-6
7.851613239848387E-6
7.88572277840529E-6
7.914447420148093E-6
7.959346329015655E-6
7.973947791075318E-6
7.995191990121879E-6
7.977564413561707E-6
7.952893594376127E-6
7.954878705531306E-6
7.97668326775488E-6
8.022483271478778E-6
7.89580806668311E-6
7.957165620092107E-6
7.892396567387764E-6
7.895530160295245E-6
7.912252781473431E-6
7.896477359479995E-6
7.937738464251964E-6
7.914454897662488E-6
7.93146342930227E-6
7.95004269124965E-6
7.95182179686995E-6
7.978640136416316E-6
7.936395018442007E-6
7.953896967964964E-6
7.943601699826687E-6
7.975749085902481E-6
7.984382935436765E-6
7.925836880984792E-6
7.930910199790593E-6
8.020088918854814E-6
7.990611082055964E-6
7.995235703295632E-6
8.01206264730019E-6
8.040343682872876E-6
8.005066093984866E-6
7.995367258161412E-6
7.99723627908625E-6
8.01992096498687E-6
8.016113700452483E-6
7.975691037022691E-6
8.017927887872057E-6
7.99463977849746E-6
8.015142313679093E-6
7.98441997371855E-6
8.05807796129218E-6
8.04358254293192E-6
8.041665797766955E-6
8.008800688322622E-6
8.001582797049086E-6
8.036451806657473E-6
8.031307274421309E-6
8.039759147878837E-6
8.034680882619637E-6
8.070302748343927E-6
8.094587377393832E-6
8.110163013295296E-6
8.143358216162887E-6
8.186167750266983E-6
8.172477750295073E-6
8.125916744046045E-6
8.138581502597733E-6
8.09824050601504E-6
8.124784824756621E-6
8.071674090349986E-6
7.989752507306587E-6
8.016063872096552E-6
8.023449814599823E-6
8.106946474009911E-6
8.08196689292082E-6
8.105227762107808E-6
8.069775474641334E-6
8.05959136442517E-6
7.983855779120278E-6
7.956942315603924E-6
7.934056774118217E-6
7.90824358409125E-6
7.92018003478094E-6
7.905193736361251E-6
7.894322170568883E-6
7.896224071006694E-6
7.901316049253554E-6
7.892193528904797E-6
7.852928455852846E-6
7.881125219151225E-6
7.870944824817216E-6
7.904927342331676E-6
7.886705614544198E-6
7.883581011764778E-6
7.86696425561364E-6
7.88207211211784E-6
7.892445813742078E-6
7.941619638020353E-6
7.924217472417379E-6
7.936320512073835E-6
7.882146362088365E-6
7.877727339888265E-6
7.864234067853632E-6
7.855008302049268E-6
7.83393737738208E-6
7.829082785070978E-6
7.818555087588203E-6
7.940550065606959E-6
7.949744923490112E-6
7.92198670923088E-6
7.907353757779552E-6
7.99884038345641E-6
7.990462625188303E-6
8.071026423985236E-6
8.117825062689861E-6
8.111124126927702E-6
8.232584156255808E-6
8.273298855700292E-6
8.276417061249882E-6
8.25317827932308E-6
8.307499369355085E-6
8.29986070527092E-6
8.328840883652973E-6
8.301445778213695E-6
8.377341424042141E-6
8.393506647324521E-6
8.35392693151794E-6
8.323201636390342E-6
8.249319595686025E-6
8.151478806512156E-6
8.149902177273901E-6
8.147496216836874E-6
8.163919451738422E-6
8.144599476517198E-6
8.175807893759465E-6
8.216595768818521E-6
8.182587234623493E-6
8.148956312760598E-6
8.150641099516932E-6
8.191013791959792E-6
8.178124256655594E-6
8.207660963095534E-6
8.251870029539762E-6
8.30329398293678E-6
8.24051503907201E-6
8.257713439854522E-6
8.294678056500769E-6
8.253770241483008E-6
8.228811464573872E-6
8.275865198866454E-6
8.25376133320471E-6
8.280759444693761E-6
8.507598830108601E-6
8.53862884308022E-6
8.555741041028749E-6
8.55782200299028E-6
8.562084431249486E-6
8.58019870459957E-6
8.550586807712422E-6
8.562310166080484E-6
8.543169405560327E-6
8.553153993317698E-6
8.592184550719957E-6
8.63872247394381E-6
8.588296862280824E-6
8.57536618155083E-6
8.630353507949532E-6
8.571838107206106E-6
8.553900669152475E-6
8.562770439770833E-6
8.524088430143664E-6
8.582745679066676E-6
8.50836117263611E-6
8.507716716884517E-6
8.522781314956317E-6
8.54678750542946E-6
8.501678919673177E-6
8.499832535949457E-6
8.48404619069499E-6
8.450919458688113E-6
8.477398189981232E-6
8.491488437255201E-6
8.517183950701978E-6
8.563802656497429E-6
8.601298413631777E-6
8.607286743451788E-6
8.563439959234279E-6
8.589698618937679E-6
8.595051484832289E-6
8.632165155653557E-6
8.652713279806997E-6
8.628506681640927E-6
8.593122981841542E-6
8.612275912080567E-6
8.64755891397229E-6
8.659960737498491E-6
8.559394873530367E-6
8.568408878353797E-6
8.58010037165817E-6
8.664288487975118E-6
8.690213101707453E-6
8.693930394721154E-6
8.668541795074898E-6
8.688305539422385E-6
8.696208950921847E-6
8.70419401670422E-6
8.715072624012934E-6
8.72180803961566E-6
8.732140904936213E-6
8.726488424853745E-6
8.718067685365036E-6
8.716594436559103E-6
8.689351667378546E-6
8.685572245593107E-6
8.695888701400063E-6
8.743436220303275E-6
8.828426913550036E-6
8.886239863171943E-6
8.808796702446815E-6
8.799115790455337E-6
8.759132267629607E-6
8.768873917539417E-6
8.802467275997741E-6
8.759833263962645E-6
8.765224530464212E-6
8.753174050366227E-6
8.74997931070226E-6
8.697183020051102E-6
8.680600310822776E-6
8.700733628823103E-6
8.705788440838448E-6
8.720716437513449E-6
8.771604723793087E-6
8.77453998476733E-6
8.757746015321322E-6
8.754224099609083E-6
8.756271483071135E-6
8.737899343615756E-6
8.670153171141642E-6
8.696701470030206E-6
8.73526561729258E-6
8.693582944320612E-6
8.652680446703135E-6
8.7040232125227E-6
8.735444041033577E-6
8.72567821839462E-6
8.703590718294698E-6
8.614076131826899E-6
8.555539595706804E-6
8.597936947019767E-6
8.62126761218507E-6
8.642389181160705E-6
8.673646524364376E-6
8.708615446030544E-6
8.737939675263051E-6
8.725261424097448E-6
8.753083349649057E-6
8.683465623934872E-6
8.659952919131015E-6
8.733549417152142E-6
8.732252537261326E-6
8.758193532949691E-6
8.725259603015683E-6
8.775495336601292E-6
8.78461829964979E-6
8.793290717729294E-6
8.806879604690043E-6
8.79512348076248E-6
8.820921665723281E-6
8.854139103251807E-6
8.85422697686873E-6
8.825168992182013E-6
8.83068143049955E-6
8.858061780243121E-6
8.810372052405452E-6
8.824958259124576E-6
8.811297750734803E-6
8.752835538299488E-6
8.706746821637033E-6
8.743518368761619E-6
8.81461051129795E-6
8.841914247666E-6
8.864044113513991E-6
8.806253164230448E-6
8.740404417394913E-6
8.715496653359859E-6
8.633463569550902E-6
8.649763268971882E-6
8.70901997513799E-6
8.738652251140041E-6
8.719765431866477E-6
8.613728180051844E-6
8.57240775023143E-6
8.567371554573224E-6
8.530104893464758E-6
8.552497581066733E-6
8.557230648195965E-6
8.567506613328799E-6
8.528845905028016E-6
8.56076160674845E-6
8.530722154954882E-6
8.572667072932679E-6
8.624882518040025E-6
8.607049749700738E-6
8.615920610636819E-6
8.611121341516919E-6
8.595137151290799E-6
8.579489804737285E-6
8.65080254109452E-6
8.684923773097913E-6
8.627875113782635E-6
8.633423975297114E-6
8.634637735789838E-6
8.64819707828568E-6
8.6485271319826E-6
8.606921672597387E-6
8.655701254681249E-6
8.64349220770116E-6
8.628881808046539E-6
8.597713623380072E-6
8.583653871703302E-6
8.608615416312057E-6
8.633057950069551E-6
8.582847902533657E-6
8.585825082453668E-6
8.566802272978374E-6
8.515065749653193E-6
8.581163357018772E-6
8.593046877568412E-6
8.569821223168143E-6
8.498676706819394E-6
8.484123411225741E-6
8.561700372122094E-6
8.501651240566206E-6
8.558795688100648E-6
8.538193417396835E-6
8.583799553396572E-6
8.60769074058527E-6
8.572217916956961E-6
8.54528844958254E-6
8.52888133069212E-6
8.510226709626949E-6
8.508968792789123E-6
8.565124020246894E-6
8.542891189292534E-6
8.573310140702082E-6
8.595587225271396E-6
8.617011494762818E-6
8.59842380032653E-6
8.575927120727382E-6
8.535809231830368E-6
8.529948456945195E-6
8.559980370161665E-6
8.639126018949643E-6
8.59451000817947E-6
8.59509738525023E-6
8.586287464418269E-6
8.572041409358312E-6
8.592976411787868E-6
8.61298544375203E-6
8.61751707446654E-6
8.643368750703751E-6
8.65999992815878E-6
8.663275896851619E-6
8.690816531165171E-6
8.679476348635596E-6
8.686240824844227E-6
8.608533160501664E-6
8.573635760117464E-6
8.551449087315751E-6
8.597147028459209E-6
8.564641122636147E-6
8.595635312474046E-6
8.568579160784535E-6
8.601844514401952E-6
8.61481802906712E-6
8.631984890557314E-6
8.599621860987357E-6
8.62438299740943E-6
8.622662841475038E-6
8.606686801956527E-6
8.652448287168238E-6
8.613307214430399E-6
8.590196417683729E-6
8.614968025897741E-6
8.60761513911792E-6
8.563850276076099E-6
8.572132345035644E-6
8.602801538679167E-6
8.623964711755813E-6
8.587515862816242E-6
8.645716661177037E-6
8.63943927757524E-6
8.616351714127886E-6
8.592825404854578E-6
8.599875563049819E-6
8.575233732473434E-6
8.576181512285153E-6
8.609813482697862E-6
8.599759711533559E-6
8.585267668231956E-6
8.6861925908883E-6
8.68741061551451E-6
8.635361033474995E-6
8.722686072386443E-6
8.740671520253025E-6
8.724547007052262E-6
8.716125766781901E-6
8.66568849381751E-6
8.651432604487706E-6
8.71811265010674E-6
8.683442258384335E-6
8.71656010099509E-6
8.685971251484965E-6
8.685060001370748E-6
8.713144670493136E-6
8.68294816686989E-6
8.682499673659913E-6
8.64809893480008E-6
8.662947531085558E-6
8.687106090016033E-6
8.700908200014972E-6
8.71625157944467E-6
8.723468515871845E-6
8.73483907071889E-6
8.744061807021848E-6
8.782179183891533E-6
8.851214369019738E-6
8.797586169473644E-6
8.78295225896695E-6
8.81618563023059E-6
8.767709923996877E-6
8.7612985664271E-6
8.763503931649062E-6
8.76427341429009E-6
8.761987306300163E-6
8.74867181967648E-6
8.715969147512901E-6
8.686655983162976E-6
8.73356459312298E-6
8.710837318297085E-6
8.737682973926982E-6
8.723626240283989E-6
8.662092430439344E-6
8.686688997016986E-6
8.678565931952157E-6
8.750512434674084E-6
8.736171812966507E-6
8.717747444105654E-6
8.751493314197393E-6
8.763291175705977E-6
8.774146145428002E-6
8.752627220066441E-6
8.749223911633125E-6
8.805584157932131E-6
8.822408587538038E-6
8.83843170113681E-6
8.846304897336866E-6
8.840309582434685E-6
8.867316477533761E-6
8.794124209752332E-6
8.812521940714403E-6
8.76891039094596E-6
8.747678416747907E-6
8.845819504986348E-6
8.90547963954077E-6
8.905811448969272E-6
8.91496033122003E-6
8.90972894214881E-6
8.8719849352125E-6
8.893359191741494E-6
8.802699981058906E-6
8.769733595650828E-6
8.810913917347739E-6
8.779980879835461E-6
8.773931807105519E-6
8.817292206984916E-6
8.872115592586119E-6
8.849608266767198E-6
8.828068110143741E-6
8.810800801656901E-6
8.793188968701254E-6
8.755286365937041E-6
8.76114436271952E-6
8.792233433120935E-6
8.794854152309397E-6
8.813983212577598E-6
8.847422677368172E-6
8.859950210715104E-6
8.831272482443212E-6
8.847921991759114E-6
8.892121886878194E-6
8.936154407535232E-6
8.99576917441801E-6
8.960352557344303E-6
9.000479781713114E-6
9.036565858535785E-6
9.052571099422197E-6
9.057341842376873E-6
9.13266658428663E-6
9.15973517441494E-6
9.185904555801323E-6
9.231920869049848E-6
9.190737561642697E-6
9.175342013908684E-6
9.174926520759722E-6
9.150234832406517E-6
9.13382809028372E-6
9.071398571214853E-6
9.112764328314426E-6
9.131579382888259E-6
9.206232759614288E-6
9.176024433085399E-6
9.183516115172008E-6
9.21754106971336E-6
9.16556898800365E-6
9.204765702326199E-6
9.192781560361181E-6
9.19140502826642E-6
9.13841873110466E-6
9.1306188803374E-6
9.111034557246694E-6
9.061155342918743E-6
9.084293280933408E-6
9.112334040851097E-6
9.15244173464094E-6
9.171269442244115E-6
9.147572727132949E-6
9.132184112012653E-6
9.139749159750758E-6
9.17754560622675E-6
9.177329711627214E-6
9.087775357568453E-6
9.070720456650987E-6
9.074690379492108E-6
9.037492843000336E-6
9.033424061273579E-6
9.010166937425345E-6
9.013478832986956E-6
9.004136416550476E-6
9.014426432235948E-6
9.027857944779031E-6
9.079516686662448E-6
9.034329050581101E-6
9.056016070585678E-6
9.047443917424052E-6
8.997973394181799E-6
9.003985241793413E-6
9.03534071300626E-6
9.018233444477435E-6
8.955032521602505E-6
8.915437287127199E-6
8.912588019522089E-6
8.894159438793206E-6
8.8730655088537E-6
8.843033235648793E-6
8.814945225142539E-6
8.837627854353232E-6
8.856593474240002E-6
8.855270096278106E-6
8.831724607811918E-6
8.815637167190679E-6
8.81011466509453E-6
8.805003069269444E-6
8.795239519757421E-6
8.79819343373161E-6
8.804896803085444E-6
8.802584373413163E-6
8.844826890701094E-6
8.831419668920345E-6
8.891296931965332E-6
8.866648407098682E-6
8.8363484237226E-6
8.808638134313541E-6
8.80495775263248E-6
8.834079164996699E-6
8.833725089476825E-6
8.829954421177408E-6
8.846044720760982E-6
8.787393990342688E-6
8.804880750435272E-6
8.747476990231184E-6
8.79349639687551E-6
8.824912684762455E-6
8.781370632938785E-6
8.773588922721659E-6
8.79588954177332E-6
8.77151166435897E-6
8.79719391388924E-6
8.814450328606628E-6
8.852225625840242E-6
8.804081594925145E-6
8.80271625202139E-6
8.802602891588593E-6
8.816820042115266E-6
8.817855874990436E-6
8.799379700932663E-6
8.813872303982776E-6
8.82088100164396E-6
8.807678245393666E-6
8.754875423320958E-6
8.74068992242533E-6
8.713088088518716E-6
8.7114117275515E-6
8.71895802809318E-6
8.733938811624465E-6
8.74821185307975E-6
8.803325737721349E-6
8.785563868792232E-6
8.848095562787102E-6
8.831800078880239E-6
8.809350361089634E-6
8.824821560534696E-6
8.751817132196047E-6
8.748459210507302E-6
8.783345639369819E-6
8.77309880183721E-6
8.785926022404714E-6
8.78854392657155E-6
8.825185372938136E-6
8.79889872733417E-6
8.816823984895994E-6
8.783088043490793E-6
8.76838065804213E-6
8.809673448871169E-6
8.839109110011012E-6
8.85968678053748E-6
8.849419317532285E-6
8.887973455599091E-6
8.900486618903744E-6
8.878121434707867E-6
8.869767876712013E-6
8.881200105665635E-6
8.850972198184887E-6
8.866743185553628E-6
8.853461357006006E-6
8.927926050772794E-6
8.89687320765187E-6
8.904030079742137E-6
8.886860092480314E-6
8.92946170051814E-6
8.946819763212885E-6
8.945723182911946E-6
9.006580734092315E-6
9.041652817736995E-6
9.081203467566663E-6
9.059475668153882E-6
9.083648735932843E-6
9.129915666710127E-6
9.1140018486755E-6
9.169301741950917E-6
9.179588327726154E-6
9.156693071446837E-6
9.110848043892794E-6
9.107899527841471E-6
9.117030447242325E-6
9.08840334050704E-6
9.08191429472949E-6
8.983634538493242E-6
8.950140303015993E-6
9.044351028507951E-6
9.017289683527375E-6
8.994161103708255E-6
8.985394576084001E-6
8.969885076988804E-6
8.948859623143321E-6
8.957301850054333E-6
8.997948113101765E-6
9.044600503617135E-6
9.028354832506221E-6
9.045156562767381E-6
9.033425189189058E-6
8.94324486578585E-6
8.950348273121968E-6
8.970522917431497E-6
9.027076491338784E-6
9.075028536121103E-6
9.029515370261296E-6
9.044175287171642E-6
9.011858879136168E-6
8.95853815845172E-6
8.985022449452934E-6
8.981026410890348E-6
8.990749812882489E-6
8.953833249399437E-6
8.919065481809611E-6
8.898200670380747E-6
8.834363897102008E-6
8.864212937165113E-6
8.849297779969573E-6
8.860468857827413E-6
8.854079477910596E-6
8.950611959071229E-6
8.975534618338834E-6
8.982315619687334E-6
9.025206746467235E-6
9.0386367360327E-6
9.045086486603297E-6
9.012272853611864E-6
9.060362402584817E-6
9.035613138551E-6
9.072771005345557E-6
9.127901656600593E-6
9.106102187855114E-6
9.173540060334135E-6
9.10634352003163E-6
9.035308572245901E-6
9.067783982892102E-6
9.089616407841721E-6
9.059066776161405E-6
9.033551568953175E-6
9.023846508150748E-6
9.002328676990192E-6
9.02618776257313E-6
9.022268303366702E-6
9.00478353391476E-6
8.99291652774177E-6
9.023129971087502E-6
9.03296748027148E-6
9.047521334148298E-6
9.083815393602653E-6
9.075391894565316E-6
9.120818853095548E-6
9.197166138630726E-6
9.139662385304367E-6
9.160219921721407E-6
9.155166943232927E-6
9.15490966773579E-6
9.205436298087359E-6
9.215651256271182E-6
9.255920382854676E-6
9.314073268656502E-6
9.272333092369706E-6
9.24210625867251E-6
9.27528898007549E-6
9.266591109176432E-6
9.267896324670989E-6
9.325469448272527E-6
9.303494538103836E-6
9.333695841299901E-6
9.366028479670684E-6
9.373631488263641E-6
9.364919542053023E-6
9.285432842665188E-6
9.280739667438023E-6
9.326494203119927E-6
9.307033290703516E-6
9.349300837382573E-6
9.342804500391042E-6
9.399829135632039E-6
9.40349023121265E-6
9.36857872866689E-6
9.385219077239101E-6
9.488125136612845E-6
9.507311835039479E-6
9.499031715023413E-6
9.545486042386183E-6
9.594671296943424E-6
9.562471491432322E-6
9.574036568596206E-6
9.457412686009939E-6
9.457251421964224E-6
9.450349118671734E-6
9.374372624036262E-6
9.43956078703618E-6
9.428175484063873E-6
9.420617675184307E-6
9.388896703728049E-6
9.391711379187674E-6
9.437945567780487E-6
9.490579493120638E-6
9.460171146017791E-6
9.467788022702551E-6
9.432247360261816E-6
9.433909581514728E-6
9.4605072415054E-6
9.37432120627956E-6
9.323496623466145E-6
9.281002777452925E-6
9.289718909759604E-6
9.29459189838858E-6
9.320372851056425E-6
9.284944706673852E-6
9.302239373712024E-6
9.323699456042052E-6
9.351310913933528E-6
9.342328042967244E-6
9.33801840591919E-6
9.312119771718859E-6
9.337322207398092E-6
9.28239150779589E-6
9.270717192683689E-6
9.257863527114814E-6
9.221444462983679E-6
9.211655938354114E-6
9.198715610124086E-6
9.19328406325289E-6
9.305046445707664E-6
9.270029043255842E-6
9.236318941861482E-6
9.285456547060794E-6
9.361870782303222E-6
9.346013054823342E-6
9.326496251895659E-6
9.301337544137948E-6
9.384242102052881E-6
9.34583651800724E-6
9.384788984814948E-6
9.323338320398154E-6
9.365361863763806E-6
9.385857402711988E-6
9.391998837328725E-6
9.364356566806326E-6
9.367532051074115E-6
9.346244943000463E-6
9.301400921748608E-6
9.313757389430858E-6
9.384103332445895E-6
9.37583361465708E-6
9.391155899873664E-6
9.326037492653825E-6
9.359653547960156E-6
9.277076009941188E-6
9.273733671853131E-6
9.232855686324715E-6
9.130644925941706E-6
9.11994469362556E-6
9.120303769313452E-6
9.017498369529049E-6
9.013076842970714E-6
9.040527188644955E-6
8.979051834333809E-6
8.95619510617053E-6
9.028350504477765E-6
9.084116145745704E-6
9.07412303111219E-6
9.026765518743228E-6
9.094360135898253E-6
9.032757439145395E-6
9.02237675191015E-6
9.061280256295484E-6
9.000224481177186E-6
9.006858968996552E-6
9.0329900761341E-6
9.015923439478968E-6
9.004828479684045E-6
9.029389066135733E-6
9.073672374334628E-6
9.09350328083137E-6
9.090425231499656E-6
9.031039582655935E-6
9.056441367229512E-6
9.103775872289517E-6
9.120212638480062E-6
9.147133834765445E-6
9.14356629981521E-6
9.150846645496126E-6
9.112098071257265E-6
9.118591329572154E-6
9.133114762253595E-6
9.157762869170834E-6
9.129710949662723E-6
9.13584563788521E-6
9.166944012133929E-6
9.193475244671914E-6
9.216820104841492E-6
9.171317767521959E-6
9.170930083765156E-6
9.128950924122991E-6
9.127139520413242E-6
9.164029884045234E-6
9.207462841145417E-6
9.122256979144126E-6
9.123039803364303E-6
9.112175357986651E-6
9.150985371756899E-6
9.203210699353194E-6
9.189923534465692E-6
9.208384450947625E-6
9.187564851927886E-6
9.223150538144143E-6
9.244458780148852E-6
9.270295486340527E-6
9.249398997159708E-6
9.210907342013836E-6
9.224192495968647E-6
9.272300751834978E-6
9.314995865958202E-6
9.338196358941039E-6
9.451614344451617E-6
9.51477405860274E-6
9.566007334237761E-6
9.610917751233795E-6
9.554425395880753E-6
9.590548471641266E-6
9.561276609218934E-6
9.605090866015055E-6
9.691937169180398E-6
9.813872594327057E-6
9.88736446362039E-6
9.979540920414453E-6
9.97877230704212E-6
9.990825886611574E-6
9.983870914094318E-6
9.987188184365143E-6
1.002508135685783E-5
1.000971312427349E-5
1.00357681804349E-5
1.0070537196970792E-5
1.0069276001439734E-5
1.0074118743199739E-5
1.0131559953200383E-5
1.0063330734856806E-5
1.011273469431419E-5
1.0101451812163417E-5
1.0207821757010247E-5
1.0142268749083448E-5
1.0075999824053903E-5
1.0080400065754782E-5
1.003098295149635E-5
1.0020060827813758E-5
9.979142136684987E-6
9.952296636102425E-6
1.0000676405017017E-5
1.0014498491456858E-5
9.999414494416582E-6
1.0028203764580636E-5
9.936770642523926E-6
1.0070047001283911E-5
9.957952317526567E-6
9.973765251169984E-6
1.0016582884675412E-5
1.001733328122641E-5
1.0031503325460267E-5
9.972816304726062E-6
9.986971641105914E-6
9.943847361423446E-6
9.97658879453062E-6
1.0002256435263559E-5
9.927478097236458E-6
9.852872647857021E-6
9.84985381853105E-6
9.844173195543217E-6
9.879321098422531E-6
9.917711158728567E-6
9.904573494826993E-6
9.829876104613036E-6
9.82492671283814E-6
9.823560760199094E-6
9.88426939573689E-6
9.941486393368478E-6
9.999338105178038E-6
9.957706501881708E-6
9.901604286383392E-6
9.88291990070252E-6
9.828468132814824E-6
9.81526056695008E-6
9.814090988691587E-6
9.807651018928686E-6
9.822481539711028E-6
9.836673160169873E-6
9.815456630753387E-6
9.854467856200143E-6
9.85049146340894E-6
9.81964791585491E-6
9.810469092966051E-6
9.904545629413167E-6
9.919863759114844E-6
9.913902262446188E-6
9.924674487364937E-6
9.829421699336517E-6
9.795690976699124E-6
9.819034756810931E-6
9.848289389730337E-6
9.969802160048877E-6
9.995335379736942E-6
9.975501094935018E-6
1.0000297812861373E-5
9.984828599967975E-6
9.960269656520928E-6
1.001680487849651E-5
9.980379819070734E-6
9.888903888714123E-6
9.856634289924143E-6
9.814353519012491E-6
9.77481861588712E-6
9.792323663205036E-6
9.76598455205884E-6
9.782476084433738E-6
9.827651593474263E-6
9.77992396485033E-6
9.654990127581521E-6
9.712825648005837E-6
9.653884629328341E-6
9.669106679067523E-6
9.697788943851318E-6
9.722431393765724E-6
9.627015941192749E-6
9.555435712808368E-6
9.552354182713246E-6
9.58361848624317E-6
9.591662580687173E-6
9.58389236517851E-6
9.574624455181388E-6
9.681206999025674E-6
9.66675025506591E-6
9.6611682822932E-6
9.672778429946692E-6
9.695044499310239E-6
9.693507640032405E-6
9.680345574564392E-6
9.634383323922142E-6
9.703830382495483E-6
9.778597989189641E-6
9.910739603103327E-6
9.891897937337326E-6
9.938703149454418E-6
9.90949094399069E-6
9.822690909700332E-6
9.818918334020156E-6
9.703916544800407E-6
9.720192757853077E-6
9.728528768272212E-6
9.749831996360594E-6
9.713446210947005E-6
9.772551321653778E-6
9.812179492009104E-6
9.773571917083793E-6
9.755809240873162E-6
9.744673947068268E-6
9.739765867257154E-6
9.71440257837693E-6
9.701179029506066E-6
9.6886768695684E-6
9.632303229313519E-6
9.579721538287624E-6
9.675840908063974E-6
9.67764388559075E-6
9.628271123494637E-6
9.608074708205197E-6
9.533132932225721E-6
9.546311238795722E-6
9.536259161453441E-6
9.536831176860843E-6
9.502999225418413E-6
9.485911647910015E-6
9.486207993536835E-6
9.500490495260528E-6
9.59536683408464E-6
9.57676846002632E-6
9.586074627238714E-6
9.541874100908038E-6
9.519708383634605E-6
9.553979315043931E-6
9.553639931725859E-6
9.511531605823626E-6
9.538541897339285E-6
9.500998796036028E-6
9.462731887836466E-6
9.46161423608247E-6
9.488600466134106E-6
9.430092854221227E-6
9.39658526039973E-6
9.382520884849748E-6
9.4220308126082E-6
9.437066943267217E-6
9.392284644986458E-6
9.441945932413384E-6
9.40355602385165E-6
9.463207474854292E-6
9.456581255109261E-6
9.441797932015594E-6
9.429658506381176E-6
9.521956438266964E-6
9.447015879235396E-6
9.437009501068356E-6
9.447414324592225E-6
9.485376312799086E-6
9.466488455521988E-6
9.405154299944426E-6
9.269113286376101E-6
9.242700226005514E-6
9.234637383731954E-6
9.19372664351031E-6
9.155644579756813E-6
9.124872801672447E-6
9.15478826476575E-6
9.133798698921872E-6
9.166709450039116E-6
9.115449691214364E-6
9.060377167601113E-6
8.994487907682745E-6
9.014726478831382E-6
9.011160613062139E-6
9.05562906363152E-6
9.068817536400197E-6
9.041699615635278E-6
9.071213966147492E-6
9.099059863317759E-6
9.033786936333103E-6
9.013013387858894E-6
8.996146249254196E-6
9.045154097133874E-6
9.056111935612476E-6
9.04393288641749E-6
9.014209383852786E-6
9.020410699438403E-6
8.957848162741366E-6
8.953719814025094E-6
8.982597095432378E-6
9.021788219238935E-6
9.023390670854102E-6
9.008490533119162E-6
8.941216287259408E-6
8.969164172590326E-6
9.07483792917127E-6
9.062127635724039E-6
9.097456458228414E-6
9.107903909683939E-6
9.179250181279019E-6
9.18333269400655E-6
9.21980957395239E-6
9.197175303636779E-6
9.187393697888298E-6
9.196670322190504E-6
9.154588324923755E-6
9.112821113974462E-6
9.057333960148857E-6
9.066328913337404E-6
9.126752537605927E-6
9.16658308566624E-6
9.155850572080345E-6
9.189488902494836E-6
9.188753927492253E-6
9.202027181480261E-6
9.195526830240534E-6
9.158912836381087E-6
9.169237069834917E-6
9.242757038635092E-6
9.2381079596985E-6
9.299452725807853E-6
9.24183918075934E-6
9.223242216308974E-6
9.192999333116407E-6
9.20445279706099E-6
9.232821987421079E-6
9.300249477514768E-6
9.29914191126624E-6
9.248228427390388E-6
9.206424574369024E-6
9.23956075339491E-6
9.238475090570722E-6
9.199053022013622E-6
9.158454415235557E-6
9.131614836521367E-6
9.101458498553138E-6
9.072916371946866E-6
9.096663731014806E-6
9.101977168458532E-6
9.076768833561693E-6
9.127619104799235E-6
9.098145447630009E-6
9.118599395590644E-6
9.10443387941337E-6
9.128556247272157E-6
9.146150918993118E-6
9.163107496348804E-6
9.118985871960203E-6
9.163882070061168E-6
9.168677394480331E-6
9.18104740704337E-6
9.245917117584774E-6
9.228146504133283E-6
9.262187287161032E-6
9.2775662541236E-6
9.29862532575344E-6
9.382393964813913E-6
9.388657850147087E-6
9.398805240063568E-6
9.429053577671873E-6
9.417653566680794E-6
9.407864245091653E-6
9.405105382814951E-6
9.383119177436232E-6
9.402777323066299E-6
9.46953837206583E-6
9.498816190624482E-6
9.475861919165148E-6
9.521280246217973E-6
9.589521795923902E-6
9.602006642632183E-6
9.663985991377246E-6
9.6787164765117E-6
9.60786189037219E-6
9.61669447622243E-6
9.669012027942722E-6
9.6827646933912E-6
9.69776525070533E-6
9.788578208871167E-6
9.900141396634808E-6
9.873033419998428E-6
9.861458359284053E-6
9.904448508096016E-6
9.910246531831364E-6
9.877722107583036E-6
9.831324824673484E-6
9.810956415233777E-6
9.800358228931088E-6
9.808965580307385E-6
9.794471461584413E-6
9.924630999442176E-6
9.937076966413484E-6
9.894791440088149E-6
9.837599810693017E-6
9.798209840703582E-6
9.829137031006225E-6
9.817626772536476E-6
9.836476227679069E-6
9.834627235805929E-6
9.838015406945857E-6
9.93263122053911E-6
9.928195918904568E-6
9.908979976560459E-6
9.92369937919296E-6
9.885097568603492E-6
9.901476793215809E-6
9.918434718186521E-6
9.950084101137465E-6
9.983355586271175E-6
1.0056223197886407E-5
1.0040269558231683E-5
1.011328839644925E-5
1.0114404922341632E-5
1.0225037278961095E-5
1.0279093866541036E-5
1.0319930834002807E-5
1.0324182070565457E-5
1.0394118233383954E-5
1.0633698839900378E-5
1.0590058045746205E-5
1.0620760797203223E-5
1.0604336958494719E-5
1.0565430339688597E-5
1.0596756075086641E-5
1.0524544596147005E-5
1.0538143345676332E-5
1.0487733119161044E-5
1.0426843819139211E-5
1.0434308551956445E-5
1.0471743006530157E-5
1.0411338010512342E-5
1.0363940701480967E-5
1.0407606092057125E-5
1.0427125078912233E-5
1.0346980469836434E-5
1.033080280391452E-5
1.0354073276321103E-5
1.0330430383364287E-5
1.0323039405982391E-5
1.0285951953795672E-5
1.0307540208714036E-5
1.0104680662853324E-5
1.0103363875071089E-5
1.0126704973355848E-5
1.0039718179450312E-5
1.0017888723243173E-5
9.992301413184923E-6
1.0017290368259618E-5
9.971880411106281E-6
9.977078993245262E-6
9.968892969891058E-6
9.977939466582471E-6
9.969692044138203E-6
9.956835023469797E-6
9.944618387068201E-6
9.853666248878465E-6
9.89215730492217E-6
9.900735174048525E-6
9.798650026781323E-6
9.81374385805753E-6
9.774818711140637E-6
9.779647334583097E-6
9.790605693087948E-6
9.79223235680378E-6
9.793252312157547E-6
9.82535627914915E-6
9.86189335519419E-6
9.878531337915763E-6
9.933465961084192E-6
9.91882447982982E-6
9.930776271357819E-6
9.941832551211255E-6
9.92403226352695E-6
9.954014574116189E-6
9.893219693216955E-6
9.919266278431924E-6
9.95621048027919E-6
9.922608716982657E-6
9.85134653668845E-6
9.846420795370974E-6
9.771220824129432E-6
9.80004724685471E-6
9.840880963002152E-6
9.863593721988886E-6
9.858688775437807E-6
9.829806609577698E-6
9.77470756891484E-6
9.80581423293721E-6
9.726218906223592E-6
9.744676891822626E-6
9.823399398889604E-6
9.838810802273802E-6
9.849790635684164E-6
9.839042276790479E-6
9.849822303433026E-6
9.920789399147998E-6
9.955459532223668E-6
1.0030905902790205E-5
9.974082936410106E-6
9.947757273504805E-6
9.921621510644755E-6
9.97972375408378E-6
9.96691832690482E-6
1.0040225924689625E-5
1.0076541301510244E-5
1.008737829997874E-5
1.0093978179616677E-5
1.002965619768211E-5
1.0025148804856471E-5
1.0012772652528687E-5
1.0012981411478848E-5
1.0069489477089385E-5
1.0129214952559062E-5
1.0158948697071718E-5
1.0103189513041168E-5
1.0124039179158075E-5
1.0150056720540612E-5
1.0209993418261484E-5
1.0169845285705538E-5
1.0197117406106087E-5
1.0203884187283945E-5
1.0311953148263705E-5
1.0303957153767668E-5
1.0230027089722352E-5
1.0244362346130026E-5
1.0254262457858276E-5
1.0270290165554778E-5
1.032727366496238E-5
1.0344836524639949E-5
1.0327241335493208E-5
1.0227475975639816E-5
1.0217824767300934E-5
1.0258107684588477E-5
1.0210162505062131E-5
1.0291912082920294E-5
1.0280285637655814E-5
1.0268436551278664E-5
1.0308991067315143E-5
1.0332398051347584E-5
1.0332183641411872E-5
1.0321041484245043E-5
1.0246447060388076E-5
1.0211625864146303E-5
1.0252235161346211E-5
1.0278073828066577E-5
1.0340965264917517E-5
1.0344836848559914E-5
1.038950791571459E-5
1.0438010897890516E-5
1.0387565100089292E-5
1.038125420654798E-5
1.036657070421386E-5
1.0372186899315443E-5
1.045119171563994E-5
1.0505794908020313E-5
1.0403860054622332E-5
1.0335376652021657E-5
1.0327379890382514E-5
1.028715888856584E-5
1.022901143341631E-5
1.020760682798967E-5
1.021371473717368E-5
1.0254697697983706E-5
1.029140369615767E-5
1.0345163466403994E-5
1.0303472851841808E-5
1.0321110699186156E-5
1.0336671262299932E-5
1.0282037847617887E-5
1.0353421771613626E-5
1.0435232167829869E-5
1.0457622371624638E-5
1.0507760447515934E-5
1.054262582567215E-5
1.0509824574622895E-5
1.0545403155840317E-5
1.0574305205121539E-5
1.0549677655000277E-5
1.0561976207525907E-5
1.0552550339470215E-5
1.0588918059044682E-5
1.0585306424700038E-5
1.0602624542636396E-5
1.058325942610514E-5
1.0558804537584038E-5
1.056429431713813E-5
1.0567175539826704E-5
1.0577511705967215E-5
1.0607328892250369E-5
1.0578027027974476E-5
1.0600147551722045E-5
1.069957129616888E-5
1.0651990315640963E-5
1.0692571003204297E-5
1.0713773388312926E-5
1.0738359946265105E-5
1.0771936522439821E-5
1.0728974963918099E-5
1.0773915137022104E-5
1.0742777264576315E-5
1.069443044373019E-5
1.0598271168659153E-5
1.0502947738043443E-5
1.0482375737884725E-5
1.0492343233044697E-5
1.0571866838237586E-5
1.052435494347187E-5
1.0563103818672496E-5
1.056320911787945E-5
1.0608004473804425E-5
1.0608139307654824E-5
1.059316165683945E-5
1.062742739955188E-5
1.0577115585277329E-5
1.059008489512669E-5
1.0501847800225629E-5
1.0481151208588746E-5
1.0461803615769224E-5
1.0344560079670848E-5
1.0323585686703821E-5
1.029254383049407E-5
1.0246684919030124E-5
1.0279926519920908E-5
1.0295857222366941E-5
1.0329287205029657E-5
1.0315862422598507E-5
1.0343690981797615E-5
1.032032042418694E-5
1.0335470023418697E-5
1.0312986424718064E-5
1.0222263684973206E-5
1.0220359769806091E-5
1.028091147923423E-5
1.029622184936257E-5
1.0237456778698626E-5
1.0220061286887268E-5
1.0197019638611828E-5
1.0235855681493607E-5
1.0154705851112197E-5
1.0208781332676677E-5
1.0247974593450392E-5
1.0219846369943477E-5
1.0175089328164532E-5
1.0185043092587543E-5
1.0185591853617392E-5
1.0241784581287724E-5
1.0285771167297101E-5
1.0382155467943237E-5
1.0443893602806665E-5
1.0439891986107594E-5
1.0369612470154209E-5
1.0438002805018898E-5
1.0470306459087597E-5
1.0518056295730532E-5
1.0492673444883925E-5
1.0482495707695122E-5
1.0475891081275492E-5
1.0485295214047571E-5
1.045827599490061E-5
1.0405359432378676E-5
1.0371063436750777E-5
1.0379169306593036E-5
1.035022663856237E-5
1.041626959772617E-5
1.0340831553592488E-5
1.0286685304289307E-5
1.02373411573292E-5
1.0276888387391478E-5
1.0193875251549172E-5
1.0296816369135547E-5
1.0288481906808789E-5
1.0309462149340013E-5
1.0348033897511735E-5
1.0372519595028861E-5
1.0282956213144875E-5
1.0271744973126013E-5
1.0294820173113026E-5
1.0334966805680501E-5
1.0332638738756552E-5
1.031534699811678E-5
1.0419315180184616E-5
1.0413721889202365E-5
1.0386240043629027E-5
1.0415317556224325E-5
1.0421910047218595E-5
1.0347800483677071E-5
1.0347248290095279E-5
1.0349007848273864E-5
1.0362283450346575E-5
1.0281525277983624E-5
1.0263520188703488E-5
1.0253424833967801E-5
1.0257928842814785E-5
1.0285347351368076E-5
1.026994111946926E-5
1.0138236110998639E-5
1.018749848473117E-5
1.0157554057365555E-5
1.021171155806729E-5
1.022210548062493E-5
1.0262511705864907E-5
1.0254802724970401E-5
1.0233103552181317E-5
1.0256146225786321E-5
1.0183973858345613E-5
1.0204395203112161E-5
1.016269207475851E-5
1.0156827919268276E-5
1.0197284389770079E-5
1.017559387849506E-5
1.0210152134691901E-5
1.024074435564584E-5
1.027542792549234E-5
1.0303506834164242E-5
1.0335046149666425E-5
1.0314576755637017E-5
1.0326326740893936E-5
1.0319529558375944E-5
1.03341558666721E-5
1.0340301544468488E-5
1.028715247340692E-5
1.0252212616556274E-5
1.0267824336005855E-5
1.030639760122071E-5
1.0337625033068682E-5
1.031445613277068E-5
1.0324433322470807E-5
1.0372245408497477E-5
1.0411228370160055E-5
1.0425364878858374E-5
1.0470944598465346E-5
1.0464374064099516E-5
1.054158665651431E-5
1.0481511452505029E-5
1.0507948963057926E-5
1.0526132886300051E-5
1.0523989217382044E-5
1.0485657116277377E-5
1.0540367371707952E-5
1.057627523490154E-5
1.0588526472250855E-5
1.0597894014255762E-5
1.0578243946222786E-5
1.0510915400672338E-5
1.0577025687479632E-5
1.056794345529148E-5
1.0609608236921691E-5
1.0604147625872036E-5
1.0614291078520628E-5
1.0629741515905201E-5
1.066754883828093E-5
1.0715518558412903E-5
1.0695042559170155E-5
1.0743577091220331E-5
1.072127085839196E-5
1.0696301831253613E-5
1.0725461951233557E-5
1.0665937541839096E-5
1.0579735346072303E-5
1.0543671706851982E-5
1.0551238658326157E-5
1.0498158851287398E-5
1.0462629717808193E-5
1.0459016369713901E-5
1.0313214378253411E-5
1.0323607792521615E-5
1.0366342356238248E-5
1.037057620720533E-5
1.0337808693392726E-5
1.0286836894796879E-5
1.0237850368462162E-5
1.024274457756529E-5
1.0293623293303092E-5
1.0238073543986692E-5
1.0227291783334531E-5
1.029772152675691E-5
1.031232139840704E-5
1.0254950201282134E-5
1.0246885971217561E-5
1.0262145301014868E-5
1.0289453746813203E-5
1.0271172350467554E-5
1.0246231070693502E-5
1.0282084354608528E-5
1.028290211087994E-5
1.024833748882682E-5
1.0218006282660516E-5
1.018817979435528E-5
1.0173777951973475E-5
1.0154595295079654E-5
1.0147260675158504E-5
1.0166745489399938E-5
1.0236049040397804E-5
1.0241311516574437E-5
1.0230831582032981E-5
1.0253789527230931E-5
1.024889693468464E-5
1.0246019015717316E-5
1.0133490080814397E-5
1.0093780673059512E-5
1.0088269621835841E-5
1.01687677662207E-5
1.0169926472697702E-5
1.0128224125204873E-5
1.0110710269386893E-5
1.014417047283972E-5
1.019257957698873E-5
1.0158956578113043E-5
1.0172482821390943E-5
1.0115680614784891E-5
1.0224195853099501E-5
1.0264157183495615E-5
1.0219897204751521E-5
1.026090906660303E-5
1.0273201989349352E-5
1.0206917711334837E-5
1.0294201160068219E-5
1.0306222385301633E-5
1.0348573701598494E-5
1.0297930194730573E-5
1.0261957594811157E-5
1.0252143007933511E-5
1.0238678046359259E-5
1.0317069745756037E-5
1.0331739549418017E-5
1.0317945349001728E-5
1.0348742625789706E-5
1.0378180461087654E-5
1.036828467302746E-5
1.0410583916207679E-5
1.042397797323279E-5
1.0394227994763882E-5
1.0322654162512993E-5
1.0320520022731657E-5
1.0306824860074082E-5
1.035952277963746E-5
1.0201553388487604E-5
1.019686729359707E-5
1.0160857559278373E-5
1.0183975655714689E-5
1.0195773278823013E-5
1.0252495517118687E-5
1.023927373538985E-5
1.023438321358083E-5
1.020092642568056E-5
1.0113598324000582E-5
1.0098670768159853E-5
1.0096278153808368E-5
1.0067874581978928E-5
1.010004931094907E-5
1.0092334286061435E-5
1.0098879144715859E-5
1.0163578138873708E-5
1.0163193099479653E-5
1.0178139940158721E-5
1.0184279675893062E-5
1.0105954694667555E-5
1.0107828567144264E-5
1.0099338493034935E-5
1.0060740544471004E-5
1.0072028909792408E-5
1.0059149948601834E-5
1.0096440060138477E-5
1.0099632751924596E-5
1.0091171051493703E-5
1.010812567619031E-5
1.0169989596238712E-5
1.0108572274617362E-5
1.015495390181812E-5
1.0120918158094443E-5
1.0118699234410179E-5
1.0142710784619417E-5
1.0129973061501974E-5
1.008213294049363E-5
1.0045328718452155E-5
1.000879713433135E-5
1.008125630013473E-5
1.0091531791279871E-5
1.0150396302760166E-5
1.0088945831642468E-5
1.0157032229096995E-5
1.013550186515594E-5
1.0209019060847623E-5
1.023489793196604E-5
1.0337303028397252E-5
1.029114342743585E-5
1.0302764602934182E-5
1.0246913080858838E-5
1.021106820235336E-5
1.0215984363734343E-5
1.0338772726929954E-5
1.0312533650716394E-5
1.0319815613763557E-5
1.036342895406911E-5
1.0407661753408192E-5
1.0347287550879273E-5
1.0340877431376978E-5
1.0264930607917953E-5
1.0323815564833066E-5
1.0364965107641934E-5
1.034155230092205E-5
1.0331961450265392E-5
1.0312365251610423E-5
1.0270179967339506E-5
1.0296042837883552E-5
1.0338521511698853E-5
1.0298275243672369E-5
1.0336027522557452E-5
1.0268593758860505E-5
1.0190182697974873E-5
1.0176803034610316E-5
1.0229940360387506E-5
1.0322159044063218E-5
1.036177969612301E-5
1.0419258540618398E-5
1.0426182737205682E-5
1.0449381285733717E-5
1.047924661187086E-5
1.042309338835132E-5
1.0424006466790948E-5
1.0417073871656182E-5
1.0404201012013779E-5
1.0390753984935612E-5
1.0441574154559548E-5
1.0467588640242354E-5
1.0422044754976558E-5
1.0392450623432325E-5
1.039000973553041E-5
1.0386229036422578E-5
1.03892112264318E-5
1.0405308810591537E-5
1.040358320086181E-5
1.045621656647161E-5
1.051777961707878E-5
1.0518242296965755E-5
1.0498341238874143E-5
1.041176123323586E-5
1.0421103193820785E-5
1.0425412758122406E-5
1.0539204652344078E-5
1.0580166749893697E-5
1.0548589870376287E-5
1.0613598536633882E-5
1.0615449825613374E-5
1.0626030826789785E-5
1.0680351422093022E-5
1.0764602364693004E-5
1.070754833855647E-5
1.07195263413275E-5
1.0669124866964442E-5
1.0696867998052597E-5
1.0724220890104658E-5
1.0738230413660072E-5
1.0724833717888391E-5
1.0706973599751486E-5
1.0656969121571425E-5
1.0644600380331207E-5
1.0747627833088719E-5
1.0807505276400184E-5
1.083374596531486E-5
1.0788252967511085E-5
1.0855017448038086E-5
1.082011246554733E-5
1.0807580522642015E-5
1.0850979053178411E-5
1.0854324619407758E-5
1.0843390738937331E-5
1.0827024013827864E-5
1.084000419342838E-5
1.0869700946374193E-5
1.0833097123064456E-5
1.0844319585525209E-5
1.0754662210045053E-5
1.0707669422071438E-5
1.0691226966185807E-5
1.0680653689767529E-5
1.0714511683040481E-5
1.0649714242007041E-5
1.0715243895151552E-5
1.0733230736287031E-5
1.0803396185294469E-5
1.0845297717522954E-5
1.0844617510911098E-5
1.083605224587287E-5
1.0737436253477413E-5
1.0810050242197963E-5
1.0772892129815929E-5
1.0782830106284185E-5
1.0804688003244796E-5
1.07991083707309E-5
1.0789097962029808E-5
1.0773858863063238E-5
1.0754265941583751E-5
1.0698073251111235E-5
1.0743707853646854E-5
1.0796917655081185E-5
1.0859330747797178E-5
1.0837237207195043E-5
1.0906896144852873E-5
1.089684904096916E-5
1.0849435866736659E-5
1.0864809070271088E-5
1.0916468363780224E-5
1.089595829054961E-5
1.092817376194504E-5
1.0964055184141613E-5
1.090901217229777E-5
1.0945166012052734E-5
1.0855837935215763E-5
1.0807187667202835E-5
1.0834263383822713E-5
1.0843352108966346E-5
1.0877738926775322E-5
1.091576765180427E-5
1.0933355768017378E-5
1.0968934468366718E-5
1.0858000327036726E-5
1.0817241550889174E-5
1.0904056613434609E-5
1.1005687988426415E-5
1.0993575023950354E-5
1.1079280499409112E-5
1.1118549855078772E-5
1.1152755404035364E-5
1.1177030965517136E-5
1.1159839825799767E-5
1.1115748213393006E-5
1.1180534028232715E-5
1.1111221485992039E-5
1.111390281960822E-5
1.1169509852956177E-5
1.1267525154956902E-5
1.1252503767423655E-5
1.127063577106957E-5
1.1204173713682275E-5
1.1169309724741572E-5
1.1127074077595548E-5
1.113782944214459E-5
1.116709599818002E-5
1.1116069593602709E-5
1.1138376885415852E-5
1.1053625445461012E-5
1.0958599497216068E-5
1.087964392836606E-5
1.0879554138277598E-5
1.0946241378776052E-5
1.094502257098563E-5
1.0960485819387029E-5
1.1050846682845746E-5
1.1024892856756953E-5
1.1008028835242527E-5
1.0974618944690106E-5
1.0926412485596439E-5
1.0943847163126007E-5
1.09797335945908E-5
1.0939957235668877E-5
1.0961031822486375E-5
1.0954522863685664E-5
1.0994785301556347E-5
1.1035913415207307E-5
1.1175237351803866E-5
1.1168775114837475E-5
1.1139063823606672E-5
1.1145110704025803E-5
1.1219426516998392E-5
1.1163954304021036E-5
1.1188604120395595E-5
1.1170895522292445E-5
1.1197047469926417E-5
1.1212163165482924E-5
1.1201026496267032E-5
1.1311001382182016E-5
1.1254169176812297E-5
1.1361412259694942E-5
1.1291284595082305E-5
1.1168982736076375E-5
1.1059663107116153E-5
1.1088839290381634E-5
1.1230690638902978E-5
1.1170443245333606E-5
1.1156431427861241E-5
1.1181001724433418E-5
1.1206275756812922E-5
1.1191541513213419E-5
1.121904229568538E-5
1.1228133795789362E-5
1.1203216429404921E-5
1.1211928206129759E-5
1.1231887424707034E-5
1.1105870871373031E-5
1.1060029100591238E-5
1.1117414139115114E-5
1.1148337295884132E-5
1.1046846988193412E-5
1.105187808901969E-5
1.1072271177091252E-5
1.107416733613487E-5
1.1054636271107417E-5
1.1103308514279313E-5
1.1064979261121033E-5
1.1071512659257671E-5
1.1096455111631454E-5
1.1132077291508137E-5
1.1093852632753462E-5
1.1157452283082278E-5
1.1201313296532274E-5
1.1204181368929274E-5
1.1197850229492859E-5
1.1182533323944236E-5
1.122543407603624E-5
1.1205542310976725E-5
1.1224159631686018E-5
1.1246807290623761E-5
1.127017692566937E-5
1.1278581172887844E-5
1.1231234291738249E-5
1.1122505759062307E-5
1.1175963762308402E-5
1.1105908301466671E-5
1.0985980162042817E-5
1.0992177587420236E-5
1.103222494465346E-5
1.1034974741024982E-5
1.0984724442102737E-5
1.0946851594019325E-5
1.0938208631448695E-5
1.0933412762572221E-5
1.0966635712135076E-5
1.0934896743984254E-5
1.0853060893338666E-5
1.0928891925321448E-5
1.1114280494703582E-5
1.1192811630881748E-5
1.1250382322809419E-5
1.1288842353822844E-5
1.1351533827293205E-5
1.1309835413444478E-5
1.1423874197805517E-5
1.1417677607914551E-5
1.1412467434727355E-5
1.1422055021251192E-5
1.1457163621427854E-5
1.1545605337487576E-5
1.1644851761869024E-5
1.1561055118772881E-5
1.1596174796350051E-5
1.171216925042203E-5
1.1666811695579602E-5
1.1668988889962376E-5
1.1759462694664487E-5
1.1825038812914038E-5
1.1928413935684388E-5
1.186276889186884E-5
1.1855653654714427E-5
1.1802518731188303E-5
1.177748450530019E-5
1.1676165888594204E-5
1.1631670993875438E-5
1.1483384823292678E-5
1.1421910354645604E-5
1.13779294119872E-5
1.1339095829005338E-5
1.1359307315038134E-5
1.1342364579934135E-5
1.1434878474279076E-5
1.1407974524624649E-5
1.1374135733089952E-5
1.1410946788990545E-5
1.139654206020193E-5
1.1362784530986916E-5
1.1305654095136501E-5
1.1420896074767886E-5
1.14291864622101E-5
1.164014658067246E-5
1.1675488473110526E-5
1.1704922183213947E-5
1.174812919146433E-5
1.173157495359211E-5
1.1751129188096472E-5
1.1748255454411361E-5
1.172895488436315E-5
1.1693227791868696E-5
1.167853113711684E-5
1.1723391619304996E-5
1.1710574357314696E-5
1.1670069797939274E-5
1.1701565150982373E-5
1.1684758252859093E-5
1.1648315369547703E-5
1.1625595503803666E-5
1.1673250701917583E-5
1.1607183874817678E-5
1.1623064787236887E-5
1.1467218300681594E-5
1.1499754051592786E-5
1.1545512322394737E-5
1.1584003421745519E-5
1.1530917426672181E-5
1.151681822492687E-5
1.1504150111266157E-5
1.150696028225199E-5
1.150366414496582E-5
1.1554309660069323E-5
1.1563601847065053E-5
1.1625401289121239E-5
1.1535484549376076E-5
1.1607705721150754E-5
1.1587192695965888E-5
1.1649163820784825E-5
1.1621404753784326E-5
1.1624810389671099E-5
1.1642757780216341E-5
1.16267093037294E-5
1.1698833095350356E-5
1.167529039386049E-5
1.1612309621665966E-5
1.1611368767352764E-5
1.1618784078953546E-5
1.1586975441458735E-5
1.1626939888528912E-5
1.1640305350140548E-5
1.170222852690807E-5
1.171160047854372E-5
1.1787926788783553E-5
1.1790038479867674E-5
1.172088104898495E-5
1.1634087573614792E-5
1.15841528199618E-5
1.1555420784643452E-5
1.1596204146621144E-5
1.1651032831930336E-5
1.165064984705637E-5
1.1668873466126948E-5
1.1640435274729555E-5
1.1647507100265744E-5
1.1615807239375626E-5
1.1570665911383885E-5
1.1514086013449291E-5
1.154171017862306E-5
1.1573708398284757E-5
1.154804293073643E-5
1.1504669775986031E-5
1.1501192152934503E-5
1.1516863469155466E-5
1.1464396202745329E-5
1.140539377661848E-5
1.1321855759070759E-5
1.1342882245987287E-5
1.1391564378808195E-5
1.1446790882859154E-5
1.139724113409319E-5
1.1477944732622766E-5
1.1453499209017174E-5
1.139201906241456E-5
1.1440047765618174E-5
1.142509079457398E-5
1.1378086326004171E-5
1.1298051504234611E-5
1.1203078781012734E-5
1.1241939059429971E-5
1.1213888779556878E-5
1.1154868248191997E-5
1.1154279360018781E-5
1.1177880122198974E-5
1.1144682093682213E-5
1.1210490423113689E-5
1.1157238329281925E-5
1.1239979632184948E-5
1.1285508679753141E-5
1.1364462481540511E-5
1.1376029701123831E-5
1.1359557433864526E-5
1.1289006394373625E-5
1.1300421213897893E-5
1.1337913736479113E-5
1.1245936922502568E-5
1.1248342416941931E-5
1.1247821435302007E-5
1.1263153730125406E-5
1.1329030345086101E-5
1.1339691257461537E-5
1.138176901479484E-5
1.1364160359455866E-5
1.1322662932752421E-5
1.1330697804656754E-5
1.1285176039189883E-5
1.1254077186377613E-5
1.1355019101334494E-5
1.1257856751774222E-5
1.126431587921429E-5
1.1238396316869372E-5
1.1270545249180274E-5
1.1313013821128929E-5
1.124931406070779E-5
1.1296221459282946E-5
1.1320249302249236E-5
1.1386316116320272E-5
1.13798890610566E-5
1.1523500383587257E-5
1.1500714692792423E-5
1.1534547628596169E-5
1.152790781379835E-5
1.1540113246556046E-5
1.1543684469057688E-5
1.158151238017045E-5
1.1539259742729316E-5
1.1441699764651834E-5
1.1330238318975992E-5
1.131672246851094E-5
1.1362640248883314E-5
1.1359253677513712E-5
1.1348434452664417E-5
1.133598989782148E-5
1.1332494959383583E-5
1.1148905296215153E-5
1.1262732985935247E-5
1.1291120974287182E-5
1.124250953225366E-5
1.117168700548637E-5
1.1109963560253698E-5
1.1116935303137267E-5
1.1126908105420727E-5
1.112478096387215E-5
1.1083368366839895E-5
1.1203958019102433E-5
1.1245885179973186E-5
1.1247980975818144E-5
1.1348461542669711E-5
1.1340142382094445E-5
1.1409977988331756E-5
1.1394086832602513E-5
1.143942583318096E-5
1.144975460189153E-5
1.1382855104095637E-5
1.1433591359506946E-5
1.1463418376062713E-5
1.1493350687849443E-5
1.1524621918682191E-5
1.1485845843509133E-5
1.1546206017348127E-5
1.1534583863912686E-5
1.1513373038355214E-5
1.1497593545581955E-5
1.147712008661559E-5
1.1448641549800133E-5
1.1421118168143158E-5
1.1471786805152554E-5
1.1508929006345268E-5
1.141395030102801E-5
1.1447316169686581E-5
1.1372211595157635E-5
1.1269224125457764E-5
1.1291694275989144E-5
1.1235803402260238E-5
1.1240412721841599E-5
1.1148814546443283E-5
1.1078819328864713E-5
1.1179994456514224E-5
1.1242034663178244E-5
1.1303626425792193E-5
1.132343476203661E-5
1.1181095077028231E-5
1.119913045445418E-5
1.1360905119265815E-5
1.1391357818861903E-5
1.140605957120296E-5
1.133683556031844E-5
1.1345125342804579E-5
1.1489016365919775E-5
1.1457059502987643E-5
1.1559942334872415E-5
1.1523627261250338E-5
1.1561999351225345E-5
1.150451281046106E-5
1.14888945747123E-5
1.1539537889233423E-5
1.1452500940079E-5
1.1392122230923122E-5
1.1361049062398348E-5
1.1446248290533018E-5
1.1432454537897885E-5
1.1462531899226805E-5
1.1533956516527132E-5
1.1537420164529445E-5
1.1600630860065692E-5
1.1568420180228803E-5
1.1609209242046602E-5
1.1744161991006897E-5
1.1841609595953416E-5
1.179421350282697E-5
1.1885201191959952E-5
1.1957407081125107E-5
1.1967194277804784E-5
1.2003552844690178E-5
1.1992703054864136E-5
1.2077827893133764E-5
1.201439123312489E-5
1.1980809792882666E-5
1.1940352513279828E-5
1.1892369924838946E-5
1.1878539425541558E-5
1.1968326379706401E-5
1.1912960835819186E-5
1.1954301018809232E-5
1.1986950613686696E-5
1.1963120170461407E-5
1.203639864427875E-5
1.2075202671055503E-5
1.2097828617638457E-5
1.2061417026553764E-5
1.1909952128875944E-5
1.1903737323899338E-5
1.1945019272250608E-5
1.1859269523501747E-5
1.1812040460869296E-5
1.180229714689441E-5
1.1758159758590154E-5
1.1786852710621656E-5
1.1696567045005937E-5
1.1747788007277787E-5
1.1753504592798767E-5
1.1789187751749425E-5
1.1778524251958076E-5
1.1762928703910155E-5
1.171693973678376E-5
1.1667685302010343E-5
1.1626652144812099E-5
1.164819075913053E-5
1.1619840850064036E-5
1.1650112117776877E-5
1.1629520868735198E-5
1.1549077607453532E-5
1.1579547126857514E-5
1.1581934274482082E-5
1.1518117792982275E-5
1.1575171393523333E-5
1.1578954309483506E-5
1.1485930438043898E-5
1.1476902418642721E-5
1.1330822073123433E-5
1.1222356161666161E-5
1.128428887759716E-5
1.1226738947625677E-5
1.116170337750991E-5
1.1141451342368843E-5
1.1221939298539703E-5
1.1206201787856226E-5
1.123331026011084E-5
1.122636425674472E-5
1.1154565518596875E-5
1.118530338112599E-5
1.117316880422892E-5
1.1171011857559783E-5
1.1206729365592144E-5
1.1238406413671085E-5
1.1303314539031008E-5
1.1249967568628429E-5
1.1284822568700024E-5
1.1343889139468603E-5
1.1273378255967203E-5
1.1255372236566616E-5
1.1193704364269467E-5
1.1289851435789282E-5
1.1310770025842707E-5
1.1263773542939632E-5
1.1304762561742959E-5
1.1277021157035151E-5
1.1318904619252584E-5
1.1454795165838374E-5
1.1450923503303356E-5
1.1511055652467073E-5
1.1399434282594988E-5
1.1272807689634545E-5
1.1306398197948452E-5
1.1372754652113246E-5
1.1372422167451935E-5
1.1312157435859476E-5
1.1374376114306197E-5
1.1505229483458152E-5
1.1561445652343546E-5
1.1736865710827404E-5
1.1796976824834043E-5
1.184597943689681E-5
1.1805277527230133E-5
1.1895386316958087E-5
1.1837167624262019E-5
1.174371339774433E-5
1.1874533769290606E-5
1.1916412537581508E-5
1.2046785334509042E-5
1.199375996806116E-5
1.1983513549259921E-5
1.1979364023867461E-5
1.1954716663388757E-5
1.1825982273711533E-5
1.189628244925024E-5
1.2002800089191693E-5
1.2126578341852892E-5
1.2145283176369892E-5
1.2139310094456838E-5
1.2081564523130307E-5
1.2133524601958535E-5
1.216710839452984E-5
1.1989469637005564E-5
1.1981041258341752E-5
1.1989248514227883E-5
1.1964357733130685E-5
1.1947113436194632E-5
1.1922384324926696E-5
1.1990987847411382E-5
1.1972937899445069E-5
1.1946178460914145E-5
1.1962905804152203E-5
1.1909542725527867E-5
1.1949840213208038E-5
1.2025542060959662E-5
1.1987586485315739E-5
1.196063312745153E-5
1.2025607202802913E-5
1.2017612435528076E-5
1.1964527009150356E-5
1.2023858596002597E-5
1.1918026133534806E-5
1.1854871349518616E-5
1.1862482022307288E-5
1.2002023956360209E-5
1.1936507671296903E-5
1.192404452573007E-5
1.1818998264403072E-5
1.1791264015388256E-5
1.1814276442807726E-5
1.1841753036843133E-5
1.1820361972622525E-5
1.1782551151147856E-5
1.169545187739806E-5
1.1756067586104076E-5
1.1845059493637058E-5
1.1829644912191907E-5
1.2086199550740668E-5
1.2119888429821412E-5
1.1718059811336829E-5
1.127512075370132E-5
1.1283055346751005E-5
1.1218780622133149E-5
1.1323934854515182E-5
1.1325951558568114E-5
1.1148248069558407E-5
1.1137888428495004E-5
1.1126743850315995E-5
1.1140509424647041E-5
1.1164573301757537E-5
1.1207482211475797E-5
1.1221013207725227E-5
1.1253202012516267E-5
1.1256132318719717E-5
1.1110158464420927E-5
1.10341971140535E-5
1.1087100572671961E-5
1.1123031387891211E-5
1.1211051922988043E-5
1.1066548474443214E-5
1.106231525698687E-5
1.1125467448820184E-5
1.1041862497643569E-5
1.0969814541754263E-5
1.0979941631057417E-5
1.0918459891160565E-5
1.0808484855395017E-5
1.1131862034039752E-5
1.1051885300980588E-5
1.1034153608230651E-5
1.1061905495743348E-5
1.112497145144994E-5
1.119228692141614E-5
1.120200616727019E-5
1.1186047018781393E-5
1.120057135788491E-5
1.1122049605043898E-5
1.1115827665231865E-5
1.1117117566976915E-5
1.1072533525874108E-5
1.1071077076198903E-5
1.1080921982936543E-5
1.1096229352820793E-5
1.1806424678207717E-5
1.1784779286724786E-5
1.1858583360423976E-5
1.178785601166455E-5
1.1801449820584358E-5
1.1827923874350431E-5
1.1852411180397398E-5
1.184828030173139E-5
1.1826188061515774E-5
1.1840808522949724E-5
1.1657064793252886E-5
1.1647790714412553E-5
1.1651153419395071E-5
1.1667759227361695E-5
1.171620878187968E-5
1.1777096772654302E-5
1.1749286455480195E-5
1.17083210839893E-5
1.172391076054451E-5
1.175505390333005E-5
1.1781091011532283E-5
1.174023299793024E-5
1.1707283827003771E-5
1.1750452568561773E-5
1.1785707660554128E-5
1.1818682034217293E-5
1.1874919822315056E-5
1.1938579422238452E-5
1.1923704422256929E-5
1.1873300297872726E-5
1.1962711197143058E-5
1.1904228699034252E-5
1.1934657686851036E-5
1.2009864349912378E-5
1.2018795389221267E-5
1.201230808044704E-5
1.1963075413696591E-5
1.1970717443275396E-5
1.2012312029239064E-5
1.2075655315010027E-5
1.2038541158212802E-5
1.1991650105801056E-5
1.2058260981238679E-5
1.1990228038079116E-5
1.197876567637798E-5
1.2054799716375124E-5
1.2118571835238337E-5
1.214909136316406E-5
1.2133863963279872E-5
1.2190241347862961E-5
1.2210030521315071E-5
1.2288053021100865E-5
1.2277918975507924E-5
1.2392788789389041E-5
1.2383523063955386E-5
1.2379968606913141E-5
1.2387689776911855E-5
1.2386030219543163E-5
1.2416389850720299E-5
1.2378772087103021E-5
1.238547862439157E-5
1.2439368189422041E-5
1.2442786993527933E-5
1.2403245485384217E-5
1.239326798653062E-5
1.2381777874731597E-5
1.2414952852428673E-5
1.2452391312090575E-5
1.2492210888921958E-5
1.2517651310197765E-5
1.2547849512401134E-5
1.2556808889742417E-5
1.2582720132492232E-5
1.2530400014873622E-5
1.2462155561517364E-5
1.2564636527793028E-5
1.2591524219453853E-5
1.2588885463833781E-5
1.253721297822473E-5
1.2480580037943357E-5
1.2421138470358477E-5
1.2422107519667754E-5
1.2369251933014999E-5
1.2338997267294572E-5
1.2420432219551766E-5
1.238893955381012E-5
1.2384504266191162E-5
1.2396646250326708E-5
1.2379261071999568E-5
1.2394274887090268E-5
1.2491823963214923E-5
1.2441870540967565E-5
1.2432753384481984E-5
1.2587676685490468E-5
1.2669409974146286E-5
1.2644551982078829E-5
1.2617693045614996E-5
1.2658417420916715E-5
1.2727242799137422E-5
1.2672195402605033E-5
1.2692658021353124E-5
1.2718758660339736E-5
1.2650401607701306E-5
1.262432275609439E-5
1.242840737350812E-5
1.2469304717402983E-5
1.2462083109816191E-5
1.253138994825761E-5
1.2448442999191643E-5
1.2504032016856518E-5
1.24923948825436E-5
1.2506872820747838E-5
1.2473498755332638E-5
1.243312982717182E-5
1.2505931532994914E-5
1.2582378967263484E-5
1.2532037721853124E-5
1.2417178252286388E-5
1.2406027095979758E-5
1.2449164277001269E-5
1.2373364255892396E-5
1.2402708353996952E-5
1.235946616380791E-5
1.2247803761872105E-5
1.2269146984370503E-5
1.2267609309735758E-5
1.2184955286708347E-5
1.2206273530145116E-5
1.2214403367097265E-5
1.2242664649142504E-5
1.2248624979239028E-5
1.2344219306396808E-5
1.2313442572570746E-5
1.2250773795488005E-5
1.2146231039125926E-5
1.2208798061845206E-5
1.2261264017173544E-5
1.2253161888271556E-5
1.2244734246128246E-5
1.2374788051010915E-5
1.2397067166488817E-5
1.239675099181591E-5
1.2432391348185062E-5
1.244774672121148E-5
1.2460755237180058E-5
1.2500705016696699E-5
1.2493581226995062E-5
1.2456411630208874E-5
1.2470849036395564E-5
1.2440808926354872E-5
1.2401182375096221E-5
1.2409750491113458E-5
1.2445622385605525E-5
1.2452845158618776E-5
1.264100696786876E-5
1.2575207516602947E-5
1.258340559427582E-5
1.2511650306137078E-5
1.2602715130074943E-5
1.2644338935774901E-5
1.2649840954314715E-5
1.2735187329617182E-5
1.2776243391655039E-5
1.2807267388922506E-5
1.2814272465966416E-5
1.2735554826667717E-5
1.2719899935804633E-5
1.2721093849906747E-5
1.2697615950017284E-5
1.2664177600690831E-5
1.2776454582020122E-5
1.277357910562312E-5
1.2855959610956359E-5
1.2842396407729077E-5
1.2789618208005404E-5
1.2769522622913236E-5
1.2774127956026735E-5
1.2717877661511538E-5
1.2675737695337196E-5
1.2604447781520693E-5
1.2563465675071742E-5
1.2494203380682884E-5
1.2556025479711709E-5
1.2461795547703726E-5
1.2398029628223629E-5
1.2362740362835271E-5
1.2355825322953056E-5
1.230583397615933E-5
1.2380393419325548E-5
1.2400529673992094E-5
1.2393527508149015E-5
1.237835753913251E-5
1.2360967460508839E-5
1.2359256687193016E-5
1.2385467390161492E-5
1.2313051018977689E-5
1.2372303760466868E-5
1.2435282952040823E-5
1.2495965646608385E-5
1.2492193268510415E-5
1.2550281324225536E-5
1.2529983658290797E-5
1.2553970235208925E-5
1.2555503781563784E-5
1.2598834939263471E-5
1.254068081441594E-5
1.2567317375613776E-5
1.2531799482545944E-5
1.2586765765917896E-5
1.2651419719486417E-5
1.2591104051585653E-5
1.2553490521062347E-5
1.2608907625519391E-5
1.2604676538420604E-5
1.2662592134517024E-5
1.2800286633583238E-5
1.2815943545088932E-5
1.2722921043283288E-5
1.2781249145260629E-5
1.2797622090735946E-5
1.2727260709870568E-5
1.2839304338677012E-5
1.2901229547009319E-5
1.2871717271534521E-5
1.2746179867543778E-5
1.2785429121604731E-5
1.28044864461156E-5
1.2766430234309485E-5
1.2607781642035635E-5
1.2601426916171565E-5
1.2600134582317668E-5
1.2609666198625375E-5
1.2679150332870293E-5
1.2727376776736238E-5
1.27732980174271E-5
1.2775560421077738E-5
1.2809452513248517E-5
1.262805659857416E-5
1.2578435128929594E-5
1.2610746379757644E-5
1.265603430649079E-5
1.2585260489046998E-5
1.265485609692613E-5
1.2501652869566395E-5
1.2517366719149677E-5
1.2502138813163761E-5
1.2559625948603366E-5
1.2571043229007466E-5
1.262066592373227E-5
1.2621230993157654E-5
1.2648799893366904E-5
1.2679035077217027E-5
1.262606922550735E-5
1.2615197265097512E-5
1.254966984743001E-5
1.2502152364856703E-5
1.2453935752235275E-5
1.2472851737551586E-5
1.2435191233161817E-5
1.2430456558059143E-5
1.2470036738133044E-5
1.2481559946587168E-5
1.240649407299381E-5
1.2437354800053848E-5
1.2415204765723572E-5
1.239578757592921E-5
1.243060534685612E-5
1.2409743558442295E-5
1.2417095520867554E-5
1.2350676352207722E-5
1.2392309677008689E-5
1.2338833574770232E-5
1.2306637843841696E-5
1.2233714242883373E-5
1.2213119319404815E-5
1.2206025003329652E-5
1.2185916392224525E-5
1.2113440345240795E-5
1.2171590512135723E-5
1.2168027678679191E-5
1.2184565928362773E-5
1.2255106527161845E-5
1.2298990272101167E-5
1.2315821403957947E-5
1.2416544872088035E-5
1.2399602167509249E-5
1.2364854600496E-5
1.2304783706663623E-5
1.2339480993319794E-5
1.2449866788083906E-5
1.2486772073213434E-5
1.2552806394085473E-5
1.2611397632050086E-5
1.2565953072999088E-5
1.2495322792513876E-5
1.2458102969723739E-5
1.246596665246549E-5
1.2478905902415025E-5
1.2448427120173473E-5
1.242447499662742E-5
1.2462610251269922E-5
1.2427978259538246E-5
1.2552298170976875E-5
1.2540890247521636E-5
1.2581347814158079E-5
1.2604090955565621E-5
1.2603178375280087E-5
1.258325461476881E-5
1.2559888492232054E-5
1.2546805298750144E-5
1.2599279887380963E-5
1.2662574354844384E-5
1.269863597230883E-5
1.2677233290906393E-5
1.2687604849921797E-5
1.2666922737712904E-5
1.270673677099048E-5
1.2718349610637912E-5
1.2706246229643991E-5
1.267891281048173E-5
1.2707817216517158E-5
1.2717547800083752E-5
1.2727838589071593E-5
1.2649244610330814E-5
1.263050006542292E-5
1.254974076692796E-5
1.2638332797903244E-5
1.2581231940874452E-5
1.2544447483674244E-5
1.2420729186606021E-5
1.2453315557569206E-5
1.2587037324944296E-5
1.2561900826041835E-5
1.2546120532222087E-5
1.2546592070624197E-5
1.2616914717071313E-5
1.2728041588095105E-5
1.2668152115937464E-5
1.272672421425109E-5
1.2838701618590884E-5
1.2853673643684453E-5
1.2816162941401685E-5
1.2882180602553621E-5
1.2747370335148203E-5
1.2702729480449387E-5
1.266056563810951E-5
1.2653745700748972E-5
1.2617104937842278E-5
1.2621651205606959E-5
1.2652124523714978E-5
1.2613180436940003E-5
1.2602913026125398E-5
1.2657271692523337E-5
1.263195273460104E-5
1.270688419081671E-5
1.276143217178521E-5
1.2847903862020212E-5
1.2869995008657571E-5
1.284694350348568E-5
1.2800798619380316E-5
1.2825128394357636E-5
1.2830763152756198E-5
1.2911387841867545E-5
1.2973876608249994E-5
1.2958141948061134E-5
1.2945532904976375E-5
1.3002897385869919E-5
1.3047517681387723E-5
1.293539082559838E-5
1.2964140649839438E-5
1.2936157252514966E-5
1.2922277806263576E-5
1.3007743293557391E-5
1.2889345212938056E-5
1.2857762839659107E-5
1.2847967900227271E-5
1.2766728463269826E-5
1.2873560309070165E-5
1.2885121976570516E-5
1.2892608797035475E-5
1.292965618457676E-5
1.2951737341540699E-5
1.2910356497062265E-5
1.2879741308824987E-5
1.2941002124335974E-5
1.2986862501374152E-5
1.2966924199748958E-5
1.3000240274757546E-5
1.2985017469875835E-5
1.295507819230895E-5
1.2889226501592203E-5
1.28350347586104E-5
1.2878880489416201E-5
1.2867349218169101E-5
1.2815221563716216E-5
1.2798461240489397E-5
1.2811813293438202E-5
1.2843742148142849E-5
1.2927784690334457E-5
1.2958484793439625E-5
1.3001289325657705E-5
1.297428192590699E-5
1.3017057931420661E-5
1.2969219176616866E-5
1.2956473131336714E-5
1.2870555551670187E-5
1.2893182201840748E-5
1.2896764435410144E-5
1.291503764241027E-5
1.2998540157240225E-5
1.2981650491710345E-5
1.3027732629211882E-5
1.2965501720530844E-5
1.2990395114191625E-5
1.3021501897924772E-5
1.3022168163771877E-5
1.3014180426402315E-5
1.3013134631673886E-5
1.3119224007712733E-5
1.3107813902223135E-5
1.3080786871876358E-5
1.30840233351911E-5
1.3207203007303182E-5
1.325787896477098E-5
1.3287460866906827E-5
1.3270424080144463E-5
1.325204470940651E-5
1.3271608853701243E-5
1.314521051398565E-5
1.319974207331597E-5
1.3211624170985321E-5
1.317276550261727E-5
1.3178683450639642E-5
1.3228495559094809E-5
1.3278108661067234E-5
1.3359722203973601E-5
1.3338217431435285E-5
1.3358634455751718E-5
1.3407888016056334E-5
1.3376251590433207E-5
1.3323553623446035E-5
1.339003730925908E-5
1.332301983966729E-5
1.3332134902360376E-5
1.3368108463840838E-5
1.3349776582422851E-5
1.3357978727017289E-5
1.3362919450526127E-5
1.3373255618262594E-5
1.3389011515964762E-5
1.3411397487852316E-5
1.344756707155961E-5
1.3419562903562646E-5
1.3397232487145689E-5
1.3475901155268283E-5
1.3472742208829184E-5
1.3550386346036491E-5
1.347698946812936E-5
1.346718454300021E-5
1.3555647698231272E-5
1.3513051471265756E-5
1.3448563517602788E-5
1.351155075920491E-5
1.331554740518008E-5
1.3364838509484733E-5
1.3333689830479502E-5
1.3383586012840616E-5
1.3341720470022233E-5
1.3307037801290855E-5
1.3183540050193224E-5
1.3073294099654354E-5
1.3074809315439457E-5
1.3005070989540562E-5
1.2995917902837455E-5
1.2898121188378462E-5
1.2975826714983223E-5
1.303563229783352E-5
1.3108911768159024E-5
1.309398057091891E-5
1.3131111137865748E-5
1.313360516910496E-5
1.313069252960221E-5
1.3068642883360261E-5
1.311280369645383E-5
1.318872760340937E-5
1.3186086142580081E-5
1.3139475950241927E-5
1.3045602454175082E-5
1.3045644512723205E-5
1.3077872016013018E-5
1.3044757416226302E-5
1.3097823274364663E-5
1.3275397457722966E-5
1.3150756650126734E-5
1.3276953614680153E-5
1.3189973410025643E-5
1.3181786548477853E-5
1.3169886501642541E-5
1.3229097026456473E-5
1.332113121865581E-5
1.3403652499254916E-5
1.3434311933209632E-5
1.3478353383812737E-5
1.3488100280634832E-5
1.3503525066268145E-5
1.3374927617082066E-5
1.3402946783913376E-5
1.3414662746925935E-5
1.341105723977027E-5
1.3451685920380735E-5
1.3529462109788801E-5
1.3467365481418731E-5
1.3319767597493382E-5
1.3260288029334955E-5
1.3295752164815132E-5
1.3225267740372822E-5
1.3108434118471913E-5
1.3150322033466541E-5
1.3153868941692608E-5
1.3153257213663807E-5
1.3157369587218439E-5
1.3183964714168587E-5
1.3235586677815852E-5
1.3226907354499056E-5
1.3347085970645512E-5
1.3447962459882627E-5
1.3442849133265229E-5
1.3445347606291356E-5
1.3421440546338598E-5
1.3445448821101091E-5
1.3396914791162834E-5
1.3496933889589104E-5
1.3566402674386912E-5
1.3529420244915464E-5
1.3489818424586846E-5
1.343070037946859E-5
1.346051863847187E-5
1.3455641687298907E-5
1.3455376690481453E-5
1.3463904098176247E-5
1.3464181933100092E-5
1.3328855043593744E-5
1.330628866414288E-5
1.3333392197250624E-5
1.3319470422475436E-5
1.333238681793551E-5
1.3483623332985283E-5
1.3441389590249812E-5
1.3495904434109908E-5
1.3537416137957956E-5
1.3552312624799358E-5
1.3523416902366195E-5
1.354508085500252E-5
1.3497713629785053E-5
1.3511174848752213E-5
1.3521116490555063E-5
1.3545524597519021E-5
1.3388512913227166E-5
1.3347461720601742E-5
1.3356625893232838E-5
1.3319873363309435E-5
1.3319465736947456E-5
1.3392400499085672E-5
1.3297764201649173E-5
1.3214117402701289E-5
1.325324808873074E-5
1.3334999255779279E-5
1.3349128444177012E-5
1.3358854509087273E-5
1.3410929556806191E-5
1.3405714318033719E-5
1.3343094541293835E-5
1.330222155202635E-5
1.3261265660299568E-5
1.3216539844091542E-5
1.3194309095164576E-5
1.3188803987165158E-5
1.32654217527992E-5
1.3250179435756215E-5
1.3119814135637304E-5
1.303790850301277E-5
1.3050594204800795E-5
1.3085524001717943E-5
1.2995285874880358E-5
1.2994766021579177E-5
1.3019203304904042E-5
1.3031084126153957E-5
1.3038441969245167E-5
1.2997613834268406E-5
1.299417391484759E-5
1.2977842471212873E-5
1.3069697166955427E-5
1.299847480538649E-5
1.3017944619339817E-5
1.3043694098820515E-5
1.3022640953559515E-5
1.3037781362919639E-5
1.3091653947354517E-5
1.3178436752456725E-5
1.3200289246161775E-5
1.3257064758980603E-5
1.3199459493750929E-5
1.3140800608674741E-5
1.3109391739825607E-5
1.310328114102064E-5
1.3082412245054063E-5
1.3106530717813527E-5
1.305316693965458E-5
1.2999068226692574E-5
1.3068458886790318E-5
1.3138983167715379E-5
1.3172052746703161E-5
1.3132232116187098E-5
1.3159650427629771E-5
1.3165184200648677E-5
1.3170791743151974E-5
1.3131222828202603E-5
1.3137397376880643E-5
1.3181798707620632E-5
1.3064207968628395E-5
1.2983927497217806E-5
1.286284635993132E-5
1.2931202653681283E-5
1.3055525688516117E-5
1.304462257176112E-5
1.2993601879498639E-5
1.2989744976294199E-5
1.2992263296316961E-5
1.305890945852072E-5
1.307742878010105E-5
1.2858771676514477E-5
1.2911120712611424E-5
1.2823787757853055E-5
1.279736273284144E-5
1.2803269808069893E-5
1.2858696109580222E-5
1.2878111730659854E-5
1.2857180461777656E-5
1.2885901532079613E-5
1.2804438595303916E-5
1.2706674543063121E-5
1.2705830950528427E-5
1.2737910128601702E-5
1.2805650327366953E-5
1.2872283354823905E-5
1.2846054517850456E-5
1.285346569044867E-5
1.2839556054399847E-5
1.2812856345051262E-5
1.290334367334765E-5
1.295008882373903E-5
1.29649434438232E-5
1.2987460843194883E-5
1.2973465517294406E-5
1.2990209522323913E-5
1.2897808348790928E-5
1.2934674747704352E-5
1.2948177568798883E-5
1.2929158792978579E-5
1.2989915574525059E-5
1.303363462598246E-5
1.3171532377709044E-5
1.3233567679152782E-5
1.3294459237977709E-5
1.3291257200292692E-5
1.330490363409562E-5
1.3283354485444285E-5
1.3333103691383738E-5
1.3480480612579174E-5
1.3578845212270982E-5
1.3559361980676172E-5
1.3442379681658893E-5
1.3409732074100479E-5
1.3641627672128733E-5
1.3749848040561575E-5
1.3829787967762014E-5
1.3766167890362244E-5
1.3827628366764375E-5
1.3732365297822487E-5
1.3654735019100375E-5
1.3710751367986408E-5
1.3679265457802498E-5
1.3762062822055117E-5
1.371443948606654E-5
1.3893399010149835E-5
1.3843328217668641E-5
1.387441497023768E-5
1.3869142709140733E-5
1.3823573391042725E-5
1.3829037683398634E-5
1.3824087979988166E-5
1.3728947530304426E-5
1.369114825706079E-5
1.3790063533260579E-5
1.3795365099604855E-5
1.3732574566447365E-5
1.3585328112481022E-5
1.362647991302821E-5
1.3619477131716938E-5
1.3514515667966347E-5
1.3433444033998862E-5
1.3488860947281703E-5
1.3523241368226833E-5
1.3495018415848282E-5
1.3596371812135139E-5
1.3579048611489957E-5
1.3541158970584751E-5
1.3518475245547122E-5
1.3559295032895264E-5
1.3573715324965926E-5
1.3623125629083252E-5
1.3499273091463603E-5
1.3458462718027916E-5
1.345594730294417E-5
1.3403711992756441E-5
1.3354959170851219E-5
1.3295328282655008E-5
1.3391230343796958E-5
1.3393029492968E-5
1.332944360446872E-5
1.337827074929248E-5
1.3355641331458151E-5
1.334002182364906E-5
1.339103679560454E-5
1.3326530213204765E-5
1.3337096120951887E-5
1.339041196184644E-5
1.3416777940278392E-5
1.3425602927402235E-5
1.3378987186341881E-5
1.3370590979651723E-5
1.3506722115397632E-5
1.3446353688829848E-5
1.3473202048969635E-5
1.3494480529929288E-5
1.3514688705394956E-5
1.351571339553731E-5
1.3579165404173095E-5
1.360025409459541E-5
1.3530314177698678E-5
1.3497982295104333E-5
1.3518836337957345E-5
1.3515715832775778E-5
1.3735292699907048E-5
1.3788594571157366E-5
1.3768690974639206E-5
1.3913648061823937E-5
1.3954430901933498E-5
1.3985053705241803E-5
1.392759588977104E-5
1.3956409308914605E-5
1.3953476577868196E-5
1.3946425695439082E-5
1.3970100179715121E-5
1.4077288422642079E-5
1.4117229043582744E-5
1.400956361134474E-5
1.4001060791536463E-5
1.410349718028946E-5
1.4156626260439325E-5
1.411734600920322E-5
1.4094462348908044E-5
1.4052146782161121E-5
1.4101597205430464E-5
1.390892532735908E-5
1.4023459200360194E-5
1.4004270316640965E-5
1.4085635469764449E-5
1.40844632089528E-5
1.4026433233803715E-5
1.386725112205443E-5
1.387869321010314E-5
1.393190119192482E-5
1.3899307932524655E-5
1.3933947033489701E-5
1.3908976544257527E-5
1.3836164708496614E-5
1.3777223793348553E-5
1.3753150691445914E-5
1.3817938597960056E-5
1.3834795048045098E-5
1.378632901806544E-5
1.3845924138732111E-5
1.3792858552061321E-5
1.3785885623387193E-5
1.3735735345774728E-5
1.3738439179641557E-5
1.3785635848239808E-5
1.372975062557655E-5
1.371959269189776E-5
1.3685626794417784E-5
1.366946970606987E-5
1.3620875055466362E-5
1.3532631802532846E-5
1.3557011532883031E-5
1.365200121581339E-5
1.373886744927321E-5
1.3743184512477197E-5
1.3809908927887837E-5
1.3686132047969024E-5
1.3646780031786109E-5
1.3605800266051439E-5
1.3511117738654755E-5
1.3550682807387873E-5
1.362497546310901E-5
1.3558582063797336E-5
1.3443499252289939E-5
1.3477906962332205E-5
1.3297390115475819E-5
1.334978858033327E-5
1.3413995320919645E-5
1.3477909660263568E-5
1.3509861284716153E-5
1.3527433204501997E-5
1.3552467085840288E-5
1.3639064611453074E-5
1.3612086038608243E-5
1.3766426521700593E-5
1.3656282875593078E-5
1.3610368173712409E-5
1.3651500784360242E-5
1.3585608126902169E-5
1.3677395746131037E-5
1.3700371396009633E-5
1.3798512119216392E-5
1.3797269801245281E-5
1.379913743587202E-5
1.387702918978968E-5
1.3822783017478622E-5
1.3838570085562248E-5
1.3818000496170808E-5
1.3802724850078466E-5
1.3755041512369918E-5
1.3704532121806597E-5
1.3764592815522586E-5
1.3705841780220256E-5
1.375891258744758E-5
1.3692230197871328E-5
1.3690316827039487E-5
1.3711797488769967E-5
1.3758883791626896E-5
1.3810488503101412E-5
1.3833385739721944E-5
1.3869442101500559E-5
1.3902145242334766E-5
1.3922561692783475E-5
1.3942646564463022E-5
1.3977651742869497E-5
1.4069022456190626E-5
1.4113123078311393E-5
1.4003123107483024E-5
1.4045138872612925E-5
1.4143623708390961E-5
1.4185131813678828E-5
1.4169484282977843E-5
1.4179793029038663E-5
1.4155736235157533E-5
1.4036173921490332E-5
1.4054150902751349E-5
1.4054195531680262E-5
1.4085132825209546E-5
1.4089495074866287E-5
1.4139828023884269E-5
1.4206054826595145E-5
1.4174855266263183E-5
1.4149276420496887E-5
1.410535721232689E-5
1.404453927658954E-5
1.408441845769108E-5
1.4073320583450918E-5
1.3924241564057939E-5
1.3966191587176602E-5
1.4067512063039809E-5
1.4065942650220288E-5
1.3981385057089072E-5
1.3952832585836271E-5
1.3897555264289834E-5
1.381902373629651E-5
1.38116739449092E-5
1.3824956935552363E-5
1.3779477108156181E-5
1.3870584570222826E-5
1.3914841411807763E-5
1.4022287082857124E-5
1.3980048129918015E-5
1.3978264143115244E-5
1.3992642368917796E-5
1.3946294973756594E-5
1.4089810019213337E-5
1.3972051931092821E-5
1.3971099250932638E-5
1.396470139487865E-5
1.3791005446792345E-5
1.399081599227359E-5
1.3973804246404835E-5
1.4121814096972497E-5
1.4008666169675086E-5
1.4150707192690328E-5
1.416832416867334E-5
1.4036776175870224E-5
1.4058356100941428E-5
1.406742876726502E-5
1.4143448624643482E-5
1.4257331931259186E-5
1.3995851513675779E-5
1.4138109575537572E-5
1.4129412059504254E-5
1.4155879778541799E-5
1.4112306862609333E-5
1.4059688903062378E-5
1.3951409901563822E-5
1.391140772598172E-5
1.3951949722911338E-5
1.3858676350198714E-5
1.3936326904579797E-5
1.3975548282102975E-5
1.3954695030297674E-5
1.4034758883750916E-5
1.4062915077599461E-5
1.4121974923056265E-5
1.4165301205702513E-5
1.4111246953190012E-5
1.4194063020507083E-5
1.4173780595703984E-5
1.4083731656931839E-5
1.4151799903892615E-5
1.4155982873733886E-5
1.4196467043534644E-5
1.4168010486639017E-5
1.4137643824014394E-5
1.443797776977609E-5
1.446776393511575E-5
1.4644389538799374E-5
1.4747494904365596E-5
1.480549655239423E-5
1.4859849986884047E-5
1.48059367092724E-5
1.4919654944364766E-5
1.4944935160750801E-5
1.5183725482739152E-5
1.5243448762578936E-5
1.5110937821911682E-5
1.4971417914629599E-5
1.4883999287089538E-5
1.4855618942538006E-5
1.4705391614231319E-5
1.4529134984411231E-5
1.459454076205158E-5
1.4631705840113914E-5
1.4685592622644726E-5
1.4699737274668404E-5
1.4755022515161155E-5
1.4670228174474258E-5
1.4592212042119068E-5
1.4808307091857173E-5
1.4869663891770735E-5
1.4878418843865985E-5
1.482284710481642E-5
1.4859286946224637E-5
1.4841518144320366E-5
1.4765469875526988E-5
1.475208376408505E-5
1.4876098048137697E-5
1.4911207046104628E-5
1.4702346868662215E-5
1.4698111771718073E-5
1.4605332268788086E-5
1.4841773426004945E-5
1.5005298313144845E-5
1.5025229556796724E-5
1.5073784096494655E-5
1.5045996276615404E-5
1.5056699116670017E-5
1.497324299452496E-5
1.4993289279174813E-5
1.497828949666722E-5
1.5016175686060406E-5
1.4853208465485461E-5
1.483301188047384E-5
1.4819053318923907E-5
1.4963295901093932E-5
1.4991708925850177E-5
1.5081896309438216E-5
1.5078910004166531E-5
1.5255667920469808E-5
1.5339010229369963E-5
1.54286119019161E-5
1.5365962315646517E-5
1.5328268361297515E-5
1.5241864800910635E-5
1.5192426373822252E-5
1.509279538268139E-5
1.5141804096579566E-5
1.501527715849601E-5
1.4969718388325515E-5
1.4886323775930154E-5
1.4868668319436002E-5
1.486299564964336E-5
1.4777924783988775E-5
1.4709324135496363E-5
1.4740744757811687E-5
1.472544301350936E-5
1.4802562194954403E-5
1.5069160298899303E-5
1.5150169732749883E-5
1.5136532573501708E-5
1.509436183455499E-5
1.5165904838046315E-5
1.5199906053256456E-5
1.514534385642908E-5
1.5015610029024465E-5
1.4987634960904667E-5
1.496509906042582E-5
1.4941334538791925E-5
1.4960643734403628E-5
1.5020369853516682E-5
1.5033402708786194E-5
1.4979360848970996E-5
1.4958268205827256E-5
1.4820151170162428E-5
1.4685797622246191E-5
1.4621213226739052E-5
1.4615187312769031E-5
1.4504243231054676E-5
1.4457942710948894E-5
1.4511105909202151E-5
1.4473976843578901E-5
1.4559113575106943E-5
1.4640996038581693E-5
1.4612170977435211E-5
1.4609973775942245E-5
1.4673906796191355E-5
1.464083756703257E-5
1.4431702698927119E-5
1.4377845470735189E-5
1.4243702070031096E-5
1.426142281163667E-5
1.4254446042135953E-5
1.4435465084812801E-5
1.4407638314446E-5
1.4310097577020755E-5
1.4337135959008737E-5
1.4343311176860336E-5
1.445753187234147E-5
1.4233758170771999E-5
1.4295325947077586E-5
1.4059199747699703E-5
1.4034191763563563E-5
1.400356672109871E-5
1.390796004824069E-5
1.398015201111424E-5
1.4062342565635425E-5
1.4168674894269836E-5
1.416552797473103E-5
1.4163073684852683E-5
1.425623151930085E-5
1.4254907938826181E-5
1.4297242618038021E-5
1.4296377467550116E-5
1.4376433937609716E-5
1.4295624463435901E-5
1.4384258285966711E-5
1.420187254243894E-5
1.4319160903837147E-5
1.4225307476369725E-5
1.4181940172325616E-5
1.4208829131959406E-5
1.4211167926265048E-5
1.4229981648490771E-5
1.4215904324593312E-5
1.4289047739634426E-5
1.4361317415731367E-5
1.4406929297489244E-5
1.4414491427462611E-5
1.4485388994370992E-5
1.4532114234686723E-5
1.4539958047564115E-5
1.4572359217751736E-5
1.4670453127354415E-5
1.4607551185196025E-5
1.451596842741285E-5
1.4477114659926772E-5
1.4652494089166617E-5
1.4521548329551871E-5
1.4543158220604664E-5
1.4461313632932795E-5
1.4458410816993902E-5
1.4399986171323328E-5
1.4436691683937655E-5
1.4429377029551631E-5
1.445948769256409E-5
1.452040030731732E-5
1.4608660350250643E-5
1.4665951109089183E-5
1.4583469197242568E-5
1.4550008926244644E-5
1.4464243176700489E-5
1.4476886361679123E-5
1.4441878748036544E-5
1.4389734083464328E-5
1.4408065656620521E-5
1.4383158223406605E-5
1.4404928818438617E-5
1.4399447635190744E-5
1.3017062631416876E-5
1.3041333555732923E-5
1.3047626739902783E-5
1.3063543819770327E-5
1.3094268399905068E-5
1.3234458657766205E-5
1.3233140097540037E-5
1.3212931455168304E-5
1.3183772851936313E-5
1.3194660521963884E-5
1.3159991230765276E-5
1.3224491457757312E-5
1.3136784476995724E-5
1.3172176779264186E-5
1.3184059891444925E-5
1.3179969920377624E-5
1.3213958495632011E-5
1.3246584269823878E-5
1.3191550013268442E-5
1.3275312688681777E-5
1.332588145975594E-5
1.3381359843096651E-5
1.3432002886052238E-5
1.347301274822761E-5
1.3440058333622915E-5
1.3427465989948479E-5
1.3411907426685903E-5
1.338069717510749E-5
1.3427984319085707E-5
1.3477663410192117E-5
1.35231136036505E-5
1.3501448089098505E-5
1.3484073374706174E-5
1.3459640656265749E-5
1.3284354948488807E-5
1.3369135342507277E-5
1.3329450238941692E-5
1.3444768433667543E-5
1.3391318279305522E-5
1.3389047715686239E-5
1.3503874352876201E-5
1.3526234929577322E-5
1.3574423749835357E-5
1.3485183828867426E-5
1.3564718804926187E-5
1.355623585940802E-5
1.3444874245163056E-5
1.3529322386570917E-5
1.3495012440825328E-5
1.3534647245750419E-5
1.3605269955408819E-5
1.3700338827611163E-5
1.3829813797098664E-5
1.379373130598439E-5
1.3860351446372585E-5
1.3738882376917772E-5
1.3798438879937298E-5
1.3778824074288159E-5
1.386873693866964E-5
1.3856746240571104E-5
1.392695086928657E-5
1.3956076956282557E-5
1.4008851406509814E-5
1.401373237571075E-5
1.3990836397610847E-5
1.3974575613083586E-5
1.4000825006134058E-5
1.3923016520383555E-5
1.393380927381209E-5
1.404625758573308E-5
1.406975363905209E-5
1.4058523201179709E-5
1.4002936428068215E-5
1.4064361049504977E-5
1.4158809197599434E-5
1.4192315908768717E-5
1.4211005668229663E-5
1.4140706021762316E-5
1.4110947250900045E-5
1.4179137320484544E-5
1.4196157433897242E-5
1.414300748000853E-5
1.4238046992504846E-5
1.4412089436430606E-5
1.4389913780326673E-5
1.4468882103955671E-5
1.4469460807651927E-5
1.4503196125437105E-5
1.454766791685376E-5
1.4577907927807548E-5
1.4479524276552212E-5
1.4503552335665494E-5
1.4489790872287823E-5
1.4477764939025623E-5
1.4444567890034417E-5
1.4402517374229769E-5
1.4353829376716684E-5
1.4315489409961184E-5
1.4314713780440266E-5
1.431114624169041E-5
1.4260261184604932E-5
1.428949183415123E-5
1.4305924953990344E-5
1.4293019166965881E-5
1.4269036567247296E-5
1.4306652731331753E-5
1.4285948909001765E-5
1.4297123750662357E-5
1.4220686592073597E-5
1.420746318829827E-5
1.42764049123437E-5
1.428798710900138E-5
1.4386273105198371E-5
1.4430429073136055E-5
1.4434702693424676E-5
1.4403456724201965E-5
1.441432164378466E-5
1.4444286450889477E-5
1.4441371008759904E-5
1.4412027135778435E-5
1.4448105202645563E-5
1.4567839324511353E-5
1.4526093360952864E-5
1.453209075434075E-5
1.4501478282833005E-5
1.4562579868458828E-5
1.463450611015336E-5
1.4636455857760992E-5
1.4657653317133211E-5
1.4773028926221614E-5
1.464286707359753E-5
1.454120689072069E-5
1.4526432326919682E-5
1.4601265460136277E-5
1.4565534247902159E-5
1.4658482599683373E-5
1.4699243421740406E-5
1.4771155197408923E-5
1.4798007921400735E-5
1.4878582909402044E-5
1.4846051657002753E-5
1.4750711689838922E-5
1.4678894810462869E-5
1.4684241151682787E-5
1.4681015438975348E-5
1.471543104667742E-5
1.4696945738316192E-5
1.475031188892317E-5
1.4835815862620057E-5
1.487076350277973E-5
1.4833629391691708E-5
1.4876460471609854E-5
1.4867474154830743E-5
1.4890724664800916E-5
1.4941933512272903E-5
1.4946773791047539E-5
1.5002590384074817E-5
1.4916725529422522E-5
1.4943571245181292E-5
1.4917312706913338E-5
1.4948318020288961E-5
1.4949813373858535E-5
1.4976123604689388E-5
1.4992952208692642E-5
1.51554311594203E-5
1.5161838977768195E-5
1.5136932941582293E-5
1.5046227629366155E-5
1.5163269011398969E-5
1.5108654021237622E-5
1.5142200209118742E-5
1.5154688107712257E-5
1.5274516818516605E-5
1.5286451874698113E-5
1.5504247679034738E-5
1.5575160407761214E-5
1.558975233468174E-5
1.560498761409347E-5
1.5608691424345597E-5
1.560247014486747E-5
1.5671784143151425E-5
1.562093546821233E-5
1.5555492435915967E-5
1.5601583733601673E-5
1.5501078842469486E-5
1.5511709905461223E-5
1.5449561083653684E-5
1.5441201037437416E-5
1.5443485459830183E-5
1.546262565436123E-5
1.5433379744020866E-5
1.5589040559239536E-5
1.5669640507328066E-5
1.5691658577726905E-5
1.5657153282176817E-5
1.5657304537105988E-5
1.559257970099316E-5
1.540533559155098E-5
1.535732112796574E-5
1.5363300628546788E-5
1.5423980914547726E-5
1.544313894282992E-5
1.5397391969540476E-5
1.546272047976708E-5
1.5635106140189044E-5
1.573333255615148E-5
1.5749099153511463E-5
1.5768200279641625E-5
1.5707756684728982E-5
1.5783211166554848E-5
1.5800186873973528E-5
1.581860121407935E-5
1.587160037956096E-5
1.5992547621008854E-5
1.603640911675732E-5
1.5930882734622132E-5
1.599048521511877E-5
1.5933989874822777E-5
1.591663082253532E-5
1.586492596344211E-5
1.5877237964262055E-5
1.574873497622184E-5
1.577210630104675E-5
1.5820360597005314E-5
1.5907182063580173E-5
1.602155402665631E-5
1.601940274943236E-5
1.5843917113855647E-5
1.591045013827732E-5
1.588740843996955E-5
1.5788058834814633E-5
1.5866923334839105E-5
1.575565886416403E-5
1.5835295895702475E-5
1.5805851314624933E-5
1.587327937385577E-5
1.5902443034444222E-5
1.5880680653608604E-5
1.58852153980307E-5
1.5839021548072502E-5
1.5872504629430134E-5
1.5837101977644026E-5
1.582898676734197E-5
1.582613223308287E-5
1.5904448187575942E-5
1.5834420345751097E-5
1.5705081012213603E-5
1.5775189860787706E-5
1.57706946323243E-5
1.563377076901844E-5
1.563616134681455E-5
1.571035550071952E-5
1.5884663955292356E-5
1.5877027877578735E-5
1.5787456499119345E-5
1.5723456950577235E-5
1.5731180966383503E-5
1.585041066486624E-5
1.5916666822612496E-5
1.5887955250331427E-5
1.577884951826878E-5
1.5730656148121307E-5
1.5758185366135216E-5
1.5766535418176003E-5
1.5744339680591916E-5
1.575318924164774E-5
1.575990950317082E-5
1.5703055929488626E-5
1.566836313564526E-5
1.5694791225860776E-5
1.563530551603835E-5
1.5656405624744934E-5
1.565314459293746E-5
1.5667489587553205E-5
1.571524921743414E-5
1.5783551815769583E-5
1.586814847710746E-5
1.5883397236106737E-5
1.5899928765355674E-5
1.5895811437131306E-5
1.5989863880190987E-5
1.6062708381192714E-5
1.5804580628239153E-5
1.5752454248595086E-5
1.5668051238347657E-5
1.580494749099724E-5
1.5865985471770435E-5
1.5911772936396786E-5
1.5886776773389734E-5
1.5868346021072785E-5
1.5883841334469076E-5
1.591959374086256E-5
1.5859513616094325E-5
1.580527943525023E-5
1.5839249259801552E-5
1.5863484160980117E-5
1.5965419502251185E-5
1.6037962940414156E-5
1.6110606919066494E-5
1.6059493584614888E-5
1.6065182992418567E-5
1.599490701112546E-5
1.5990429219740172E-5
1.600988308129598E-5
1.604131106810575E-5
1.608282656036647E-5
1.6123649553420164E-5
1.6079174842596455E-5
1.6100328680854484E-5
1.5963443178207836E-5
1.5971507073735834E-5
1.5979055151490434E-5
1.602722747390159E-5
1.6090973128644316E-5
1.6070583147977606E-5
1.6121917358364165E-5
1.614520870901212E-5
1.6124897973041777E-5
1.6094309908665644E-5
1.6157129352187332E-5
1.612273202228317E-5
1.611053674763418E-5
1.6137629934949457E-5
1.6219715984909895E-5
1.6147687115286604E-5
1.6134041647618353E-5
1.6200549968433774E-5
1.6218633931774787E-5
1.6285010023368817E-5
1.6170559798912462E-5
1.6067949822114336E-5
1.6108357057085527E-5
1.612440232019934E-5
1.609207216594484E-5
1.61946752783335E-5
1.6282988933474367E-5
1.6238598842093446E-5
1.622673700017782E-5
1.6290967884725483E-5
1.633218988716009E-5
1.6278362223246964E-5
1.6331923493898604E-5
1.6274416632562065E-5
1.6319095246632203E-5
1.6455535355226598E-5
1.6503149569383776E-5
1.653568387403594E-5
1.651972574226941E-5
1.6600794022596602E-5
1.6559793402014476E-5
1.658270993523284E-5
1.643728319738967E-5
1.6387118779238694E-5
1.6333945728375255E-5
1.6310036701171082E-5
1.6281886850439445E-5
1.615797579190249E-5
1.630410215653611E-5
1.6225420084837248E-5
1.6214267400624857E-5
1.6243534824451395E-5
1.6247559163327967E-5
1.627073613713751E-5
1.6397957345288356E-5
1.6522942506441645E-5
1.6558909514929424E-5
1.6582121787191102E-5
1.652453617221867E-5
1.6573010825202946E-5
1.6567805717652552E-5
1.6572092115139836E-5
1.647242269881807E-5
1.646848123843953E-5
1.6517986812647924E-5
1.6545409363908062E-5
1.654779013889334E-5
1.6624206570741573E-5
1.6685878777707006E-5
1.681881555207805E-5
1.6793446974546995E-5
1.691415101099364E-5
1.68941864097115E-5
1.6883065795020918E-5
1.6861876442819873E-5
1.6916509106495688E-5
1.695841189165543E-5
1.6980933343183936E-5
1.7086846745307448E-5
1.7083799732493674E-5
1.694132896583922E-5
1.6867590832221363E-5
1.6967324583232496E-5
1.6978808032141142E-5
1.7009681855314814E-5
1.6959600673285215E-5
1.6829674946426376E-5
1.6852256844782144E-5
1.6778942122557117E-5
1.683407885763415E-5
1.6864140617551057E-5
1.677764310949291E-5
1.6790178611573855E-5
1.6808372266148387E-5
1.6855279351673328E-5
1.669144030232827E-5
1.6814730917066115E-5
1.6790225187316456E-5
1.6869460486093193E-5
1.6884831831058674E-5
1.692759709282776E-5
1.6998408436587376E-5
1.7087444127089263E-5
1.7057573724442526E-5
1.6884614926213922E-5
1.6946557223776717E-5
1.694842165698345E-5
1.7066325136835003E-5
1.7176680360332454E-5
1.7064180939051483E-5
1.69590413653574E-5
1.6965946319279094E-5
1.6872640039714537E-5
1.7038246925925564E-5
1.7042090858324994E-5
1.6899284984801066E-5
1.6888778668443385E-5
1.6889258795737214E-5
1.689773771857722E-5
1.6920241141431568E-5
1.6808175540441604E-5
1.6713451056613274E-5
1.6649320805560098E-5
1.66183368877394E-5
1.6637875868013625E-5
1.6687798390949836E-5
1.6748843956680372E-5
1.670320040925932E-5
1.6669028403526146E-5
1.6656338341179348E-5
1.6653774545532E-5
1.658464693612299E-5
1.670608560463565E-5
1.656486867706914E-5
1.6606715373551883E-5
1.6684538036861183E-5
1.6666506671962784E-5
1.6704742232739468E-5
1.6802368024450375E-5
1.6902145656092875E-5
1.6931796313268805E-5
1.693601594209713E-5
1.7020886109586416E-5
1.7045842929352356E-5
1.7068845939609852E-5
1.6999225109652494E-5
1.7067405488246222E-5
1.709440575027939E-5
1.695588398350086E-5
1.708776617605038E-5
1.7049835711233555E-5
1.7076286746157787E-5
1.7094559286913375E-5
1.7031737974703543E-5
1.6934920259215244E-5
1.6873794636746848E-5
1.687606416073025E-5
1.6777681831353996E-5
1.679650515477145E-5
1.6522273460569007E-5
1.6511788247139234E-5
1.658676833336332E-5
1.6566874735493065E-5
1.6629235828755286E-5
1.6720988461300342E-5
1.6605103497737525E-5
1.6686381007385912E-5
1.6617848198111977E-5
1.6585290413493605E-5
1.653783038074853E-5
1.6516509449944232E-5
1.653890124462616E-5
1.6590777168769378E-5
1.6577660607754077E-5
1.6439091650135828E-5
1.647398963487675E-5
1.6526584897716436E-5
1.643690392947139E-5
1.6557270034661306E-5
1.6579490000685367E-5
1.6541117962862338E-5
1.6569235196761972E-5
1.6590338035702635E-5
1.6549519153706813E-5
1.6507640023782727E-5
1.656280088472824E-5
1.6622331631695776E-5
1.6598378411995457E-5
1.654408886073132E-5
1.64255399635404E-5
1.6528384285550973E-5
1.654251027332493E-5
1.648187990439016E-5
1.6545086504182925E-5
1.6598685081812293E-5
1.6618272519691298E-5
1.6733876276154998E-5
1.6894436197109887E-5
1.6906019704234257E-5
1.6977347480693955E-5
1.680475411091444E-5
1.6840275508773156E-5
1.6712159387650527E-5
1.668388071101057E-5
1.669612470252206E-5
1.681406531542971E-5
1.68200241837972E-5
1.6737052307855935E-5
1.660329277647545E-5
1.6528110934837588E-5
1.6552353368649988E-5
1.660758546171104E-5
1.6556644410131954E-5
1.6404950544749832E-5
1.6372797116455072E-5
1.6375433384079883E-5
1.633323120174239E-5
1.631094222558277E-5
1.6375527678003457E-5
1.6422071428366737E-5
1.6430182441870795E-5
1.653809570914094E-5
1.654683752317295E-5
1.6589062133553148E-5
1.662391801377373E-5
1.6624234046407128E-5
1.6688815187534378E-5
1.6770927288550653E-5
1.6818526507269858E-5
1.678170248210157E-5
1.6795708460041708E-5
1.6793143164740696E-5
1.685941973848513E-5
1.6609417496085947E-5
1.6713729117389295E-5
1.657762253606536E-5
1.652604818796435E-5
1.6537718500827358E-5
1.6535363070384775E-5
1.667102412077343E-5
1.6759140657867247E-5
1.6688516186419753E-5
1.6678070372618704E-5
1.6793282671068854E-5
1.662317437084112E-5
1.6664169228592868E-5
1.668510153935641E-5
1.6655757516811986E-5
1.6721824825808794E-5
1.6726084968174066E-5
1.660907345123764E-5
1.6590982272709323E-5
1.6578907789262865E-5
1.6640260608662637E-5
1.6723610383750473E-5
1.6759125258413427E-5
1.6664248937493664E-5
1.6661410063455463E-5
1.668122201785142E-5
1.677072063960537E-5
1.685754360467387E-5
1.6871426303470665E-5
1.677699673818293E-5
1.671939442612228E-5
1.675733841456244E-5
1.6742564675744274E-5
1.6762152490678125E-5
1.6794062260056796E-5
1.680681892867062E-5
1.6837323271579388E-5
1.68997658014752E-5
1.694249636075167E-5
1.725751410342254E-5
1.7342861542172846E-5
1.7339387519926573E-5
1.7183693265958222E-5
1.713903569363324E-5
1.7096240047674613E-5
1.713838425931949E-5
1.7165546169370085E-5
1.7127153400699773E-5
1.708768786719957E-5
1.7091961765769435E-5
1.70894106822842E-5
1.7027808354041834E-5
1.6975242027529944E-5
1.702060354063201E-5
1.7052603112810282E-5
1.6971683367436346E-5
1.6931865235521598E-5
1.702496862336308E-5
1.7045031535549617E-5
1.692113739784578E-5
1.6860827767330234E-5
1.6863435781699068E-5
1.6882126377417695E-5
1.6914478963844817E-5
1.670487489892837E-5
1.676882755915473E-5
1.6861280209062845E-5
1.6824302811196497E-5
1.675413989467013E-5
1.6861172836271015E-5
1.6881718375272032E-5
1.6813044627193488E-5
1.6869938816783015E-5
1.689228368157914E-5
1.696040657925744E-5
1.6766151972394384E-5
1.698508697597535E-5
1.7048427738546548E-5
1.6934316584349492E-5
1.705953742229965E-5
1.7044912757945443E-5
1.69647215395054E-5
1.701581013567454E-5
1.6995055567342146E-5
1.7179561308485317E-5
1.7121241656389992E-5
1.7237493039023E-5
1.7186138337853757E-5
1.7293149731052276E-5
1.7307987445241082E-5
1.7252848761948332E-5
1.736463040484656E-5
1.7429128156037474E-5
1.7489014099564457E-5
1.750392956101377E-5
1.7474565625327225E-5
1.7492445014293127E-5
1.750945080672245E-5
1.744371809838598E-5
1.7286461758683207E-5
1.721746311642369E-5
1.711546895158478E-5
1.7115618808387718E-5
1.70705306104965E-5
1.7128549711738775E-5
1.7245875449649485E-5
1.738483907817186E-5
1.7460247499499515E-5
1.7419481311732776E-5
1.7410238644799066E-5
1.7531274741780787E-5
1.7529774145483145E-5
1.7648516505184893E-5
1.7636496245001317E-5
1.7703377033439517E-5
1.774995239920665E-5
1.7720880996323907E-5
1.7783929712518264E-5
1.7821970260082823E-5
1.7749228049648314E-5
1.768086568545045E-5
1.7597658504738274E-5
1.7692265703822547E-5
1.7655155461844918E-5
1.769046417434526E-5
1.759546830527732E-5
1.7565153084688994E-5
1.761473572822914E-5
1.7482951597581064E-5
1.745625320143742E-5
1.7422037309744778E-5
1.7505687359455502E-5
1.7479252864286052E-5
1.7480679154290002E-5
1.7480350746401038E-5
1.7444326384879302E-5
1.7378802930002893E-5
1.743378348264525E-5
1.738987943050205E-5
1.744172546133505E-5
1.7394729163887672E-5
1.7495045243100395E-5
1.742910913745479E-5
1.751064795817315E-5
1.756239623671631E-5
1.761414904384855E-5
1.743646606956871E-5
1.757771875177156E-5
1.753570761980205E-5
1.753586323882012E-5
1.7488044657490304E-5
1.7484835068480342E-5
1.7314834433988713E-5
1.735639844492883E-5
1.7376729113459537E-5
1.7416513652496134E-5
1.7622761220274035E-5
1.7531487563401316E-5
1.7212496922675697E-5
1.7090933426379228E-5
1.699688884946237E-5
1.6965397633418824E-5
1.6945211163487803E-5
1.7014761289328513E-5
1.7031849955716706E-5
1.7255675588312158E-5
1.7261362494954416E-5
1.7294477593594668E-5
1.7332036609578863E-5
1.7263999521533137E-5
1.7326303674466107E-5
1.7495369384732177E-5
1.7534771881324386E-5
1.7495604524621714E-5
1.738613892761085E-5
1.724429117530217E-5
1.732241916313346E-5
1.735268653715786E-5
1.736177618017896E-5
1.7640899725012857E-5
1.7549260325311757E-5
1.7421403332499813E-5
1.7476680851583866E-5
1.7424031403509927E-5
1.7335133708922375E-5
1.7282429653858784E-5
1.7263877743399628E-5
1.7213807298249984E-5
1.7224289891589774E-5
1.716091323619059E-5
1.7374854937988015E-5
1.7334071255881784E-5
1.7316049074836332E-5
1.7281507232434246E-5
1.728635642798722E-5
1.7265793538250892E-5
1.7230632829907196E-5
1.718832589623847E-5
1.709052322518012E-5
1.70561686962795E-5
1.7222425842467983E-5
1.716787856251287E-5
1.709272332634696E-5
1.7113537055519682E-5
1.720071061549863E-5
1.721840024731755E-5
1.7222514629594377E-5
1.7255117507505794E-5
1.733841898341308E-5
1.730985117107818E-5
1.7413008351125056E-5
1.7389605985250334E-5
1.7591827555294418E-5
1.7586575293189945E-5
1.7652205558321378E-5
1.7581232553027443E-5
1.7534651432174386E-5
1.7538517492835493E-5
1.756509132509353E-5
1.7585929730705674E-5
1.7494662716867473E-5
1.7420762282254906E-5
1.7380628978909642E-5
1.7397978370020548E-5
1.7317546721447164E-5
1.7350320314769322E-5
1.7377561820244196E-5
1.725811537849104E-5
1.7364096360033547E-5
1.74813048680529E-5
1.7471802917817037E-5
1.7527440082863668E-5
1.771500200873902E-5
1.769426300122026E-5
1.7720185734098037E-5
1.7755571709474113E-5
1.7717056118661404E-5
1.771389332344761E-5
1.7621556944715623E-5
1.7640632262982225E-5
1.7695559886619366E-5
1.778907652243623E-5
1.776498089042853E-5
1.777569778412172E-5
1.7753732827682073E-5
1.765986588565567E-5
1.7739509609423976E-5
1.7678615854452263E-5
1.7581489019022328E-5
1.786405473459548E-5
1.7691211545647204E-5
1.7719470048624136E-5
1.7783850822932862E-5
1.7724962758377356E-5
1.7520706151135296E-5
1.7465089128295273E-5
1.743182593271507E-5
1.736420143614487E-5
1.7195983622913684E-5
1.7145333515081464E-5
1.729349308768971E-5
1.7240973414081356E-5
1.726685005937366E-5
1.728245643653995E-5
1.7159047891498346E-5
1.714885303130001E-5
1.7312801505560306E-5
1.734500341875444E-5
1.718137308100958E-5
1.7169230098704977E-5
1.7148213397030707E-5
1.7107078003216893E-5
1.7129630248892742E-5
1.712360616113171E-5
1.7304698172090998E-5
1.7260375287611765E-5
1.7310103181941603E-5
1.727527938797222E-5
1.727642170889207E-5
1.7337246631607315E-5
1.7350221768583876E-5
1.736962738993087E-5
1.7304172830272042E-5
1.7152556960268966E-5
1.718633112952393E-5
1.679807679281628E-5
1.6774633323125282E-5
1.676196987349023E-5
1.678701237185215E-5
1.687314140416963E-5
1.6980410923704786E-5
1.702536119865241E-5
1.6902115099136533E-5
1.7034079206613775E-5
1.697043032067072E-5
1.6912756171727468E-5
1.688746110681025E-5
1.694740156344319E-5
1.6925871020460105E-5
1.691151947885949E-5
1.7003595226817043E-5
1.712578807783146E-5
1.7218272140374326E-5
1.7288119072264145E-5
1.7282240066651574E-5
1.727090522997346E-5
1.7304333799751307E-5
1.7269069775148963E-5
1.7450019219637574E-5
1.7324758079659202E-5
1.7502708220864498E-5
1.7386855265327892E-5
1.734117822059946E-5
1.7235106517458215E-5
1.726096809804058E-5
1.7222406839360495E-5
1.7209532814458946E-5
1.738423513105406E-5
1.7201957957523626E-5
1.726134004700466E-5
1.7263326577832188E-5
1.7265479457310685E-5
1.7166190211418855E-5
1.7385992676594347E-5
1.7378970251448614E-5
1.737700136765323E-5
1.7262085254168683E-5
1.724772634621188E-5
1.73914790958969E-5
1.74769630495363E-5
1.7548031344287312E-5
1.7417549552079024E-5
1.746237478190476E-5
1.7410244188763652E-5
1.734330523743595E-5
1.7306260234693156E-5
1.7314579356552293E-5
1.737494522529942E-5
1.7356079079254888E-5
1.7289483469663955E-5
1.7244521721638056E-5
1.7235675275709394E-5
1.7384724535987838E-5
1.736393888267268E-5
1.7295680515965193E-5
1.735408265778688E-5
1.73239863634896E-5
1.7278313338011397E-5
1.722564296194578E-5
1.7272327266353265E-5
1.723512602378129E-5
1.7290851992318952E-5
1.7213076335013234E-5
1.7274291072727875E-5
1.722758462149373E-5
1.7252577976300534E-5
1.7208369956715923E-5
1.7199985625278306E-5
1.7158269456897886E-5
1.7359916577662704E-5
1.731994476512308E-5
1.737950274838054E-5
1.7407036124350352E-5
1.743017892240974E-5
1.742264324044113E-5
1.7387925108325253E-5
1.736416721079192E-5
1.742501050968043E-5
1.7369243760694453E-5
1.7378036013619823E-5
1.736382587963993E-5
1.7321588595864304E-5
1.729818289636479E-5
1.7517615316725024E-5
1.755716461802875E-5
1.7487519147581142E-5
1.752330592884308E-5
1.7565483061505512E-5
1.768373410116513E-5
1.7795325672749522E-5
1.7761481425023898E-5
1.7682892907778658E-5
1.7567489362577082E-5
1.7382032382846442E-5
1.7314930926989372E-5
1.7360129369328333E-5
1.736360026123856E-5
1.7384800171129515E-5
1.713746013841405E-5
1.7029414065053447E-5
1.7024622779218547E-5
1.7032764186010294E-5
1.7128258416266233E-5
1.708349930124357E-5
1.7111743949729656E-5
1.704367758622159E-5
1.7208747949916156E-5
1.7171848124857425E-5
1.694332703873451E-5
1.699886985888853E-5
1.6960256103135908E-5
1.6939926617805887E-5
1.687518598920265E-5
1.6833882933763045E-5
1.6817173993160606E-5
1.6911392022582674E-5
1.6810982255413525E-5
1.6808303593633403E-5
1.6779341599203188E-5
1.6734148125198355E-5
1.6884397668675695E-5
1.694608842483403E-5
1.693495805210711E-5
1.6920212557589647E-5
1.69220133662484E-5
1.6898626125987158E-5
1.6854122783022432E-5
1.6908855444693328E-5
1.6954851868983808E-5
1.733625455298153E-5
1.734183513996011E-5
1.7291448769166143E-5
1.7206221885615344E-5
1.7226609176471945E-5
1.729734425587333E-5
1.738252479791489E-5
1.7349513129214323E-5
1.7244995941381753E-5
1.7285488923796334E-5
1.7266205133644026E-5
1.7098804987936682E-5
1.687222597721308E-5
1.6870761741470827E-5
1.6796957002704296E-5
1.6752609199400572E-5
1.667811870926178E-5
1.6566481564290798E-5
1.649331019733703E-5
1.6502697590200986E-5
1.6547378300539463E-5
1.6608432589350094E-5
1.6631244459159408E-5
1.658511685113358E-5
1.6626252804652683E-5
1.6694973937968237E-5
1.6638838265797866E-5
1.6202843594407777E-5
1.6165967435968817E-5
1.6172685834469847E-5
1.607694589825109E-5
1.6102350478324035E-5
1.6062607561881203E-5
1.6115223431518506E-5
1.6188107791389914E-5
1.6271770217855106E-5
1.6219419186158958E-5
1.626284393267659E-5
1.626897747557465E-5
1.6523469225281742E-5
1.6550174489363716E-5
1.6783232479372282E-5
1.6728656726093608E-5
1.6736510287582257E-5
1.6682952805383864E-5
1.6651295270953514E-5
1.6602097561278932E-5
1.6902529137496956E-5
1.692993967423031E-5
1.6990483853290254E-5
1.698568671920484E-5
1.710546068369333E-5
1.7062411693505442E-5
1.7129720056624625E-5
1.698420038169424E-5
1.708931094166468E-5
1.7100256938922455E-5
1.7111572596160522E-5
1.70788679261783E-5
1.717276968308496E-5
1.7235922555058487E-5
1.7191049457724132E-5
1.6984825720422825E-5
1.6924022441007544E-5
1.714318530061661E-5
1.72500591065552E-5
1.731818383155118E-5
1.734212036742143E-5
1.737613476795565E-5
1.7345914048867537E-5
1.743961906633537E-5
1.7426114762942258E-5
1.748955346640108E-5
1.739029851335959E-5
1.7427049174362567E-5
1.7170682390493057E-5
1.7208511124949584E-5
1.7198131731911705E-5
1.7268422882598054E-5
1.7227328831637066E-5
1.736950832403293E-5
1.7456543519803936E-5
1.7323816658004737E-5
1.7183670890698476E-5
1.7292246067121174E-5
1.7170979287795136E-5
1.7133667905206186E-5
1.6862576448512773E-5
1.685089751176628E-5
1.69220393842473E-5
1.702882634207454E-5
1.7045213671966087E-5
1.7040097340412453E-5
1.704656156083131E-5
1.7081279928968126E-5
1.712505196528742E-5
1.715927534298752E-5
1.7181876949587326E-5
1.7250192176321537E-5
1.720844812036865E-5
1.7258456983900228E-5
1.732684969325263E-5
1.7312925531046574E-5
1.7291648112970777E-5
1.7306596067032324E-5
1.745510499897975E-5
1.751741055858687E-5
1.7322839133693468E-5
1.7399714017333676E-5
1.7282522043628834E-5
1.728036353589772E-5
1.726719118408768E-5
1.7114954393641143E-5
1.7157725219653287E-5
1.720713950624719E-5
1.716253397852133E-5
1.709684215554709E-5
1.68606656178118E-5
1.7057403823325432E-5
1.7024930097986237E-5
1.695035637129408E-5
1.7124869200208398E-5
1.6983888472057142E-5
1.698679812029022E-5
1.6846429198161692E-5
1.676709847133589E-5
1.6798506309200465E-5
1.6772144504837558E-5
1.67844550509426E-5
1.6702983868727652E-5
1.68676743846996E-5
1.6812638690717025E-5
1.674663154432298E-5
1.6643891026568924E-5
1.6800529189201172E-5
1.6936450153918974E-5
1.6790356494244417E-5
1.6721411284975767E-5
1.6877919758118173E-5
1.6856842433533264E-5
1.6859739113103053E-5
1.6816617579185992E-5
1.7004366991004136E-5
1.699098882007713E-5
1.6861035869058493E-5
1.6977045600627878E-5
1.6985289799611108E-5
1.70081526937123E-5
1.6953720730929177E-5
1.6847118164393953E-5
1.693798951541958E-5
1.6940969676826567E-5
1.6900398484815868E-5
1.6953710175234268E-5
1.6989569942807033E-5
1.6937027106742836E-5
1.6926968419660815E-5
1.6898600063939086E-5
1.6909506995556896E-5
1.7042145880196724E-5
1.7173562833570857E-5
1.715983145972618E-5
1.7215485341216805E-5
1.7267240130872112E-5
1.727180257239411E-5
1.7324410063344868E-5
1.7347941128400585E-5
1.7391366131290596E-5
1.7412673122881925E-5
1.7495077678688556E-5
1.7524729305875965E-5
1.7546071792745584E-5
1.7595916008208473E-5
1.7531892625590548E-5
1.755190256449819E-5
1.7499313439674836E-5
1.7584717712103287E-5
1.7607880230420368E-5
1.7728989018732316E-5
1.7616146625484278E-5
1.764475146283812E-5
1.7698205693706827E-5
1.7717394352963197E-5
1.7620781127278593E-5
1.764252755681514E-5
1.7636364238731653E-5
1.758753365273076E-5
1.7571981390676558E-5
1.762845645164629E-5
1.757371951726859E-5
1.7590516410658054E-5
1.7654398569005393E-5
1.7702063012527238E-5
1.769631857819055E-5
1.7757257942928664E-5
1.7710758738718794E-5
1.7725246486465486E-5
1.757287339503009E-5
1.742637424746364E-5
1.7471679919799386E-5
1.740852337383481E-5
1.7371138862439922E-5
1.744519354247606E-5
1.743927438462766E-5
1.7555979043249863E-5
1.7432306242182666E-5
1.7467826242009158E-5
1.751490967692541E-5
1.7441530462100726E-5
1.7324818839102787E-5
1.7280062942341423E-5
1.7315325252713484E-5
1.7358196614019508E-5
1.7305623333189905E-5
1.7294112285640324E-5
1.7512281960997916E-5
1.7575385374236148E-5
1.7539292756232474E-5
1.744634203536362E-5
1.751199131167852E-5
1.7612221059823346E-5
1.7485327094142017E-5
1.7492797955460552E-5
1.759295396654054E-5
1.75423950234579E-5
1.7706664207907133E-5
1.7616341136244496E-5
1.7756759652164483E-5
1.7742650080944913E-5
1.783891708634672E-5
1.7845802940229285E-5
1.7848871497359053E-5
1.781113158012034E-5
1.7721716857173426E-5
1.7493202486654014E-5
1.7500044034865843E-5
1.747198686204327E-5
1.760668173783042E-5
1.7649006696549402E-5
1.7710485794343664E-5
1.7682982817438152E-5
1.7590315931919104E-5
1.7685906404686876E-5
1.7703318282090184E-5
1.7669553997937568E-5
1.7680209498551936E-5
1.7721710622863097E-5
1.7657073235637068E-5
1.757023519795823E-5
1.7649202553301283E-5
1.7592552935746598E-5
1.761000373316356E-5
1.7675622533907205E-5
1.7719412322664785E-5
1.774407525005292E-5
1.772732202346367E-5
1.7796869432366485E-5
1.7726258317860245E-5
1.7546586525902758E-5
1.7603021158616425E-5
1.7696926363060806E-5
1.7645473828998655E-5
1.761897423490712E-5
1.7581271349122723E-5
1.7290682884906915E-5
1.7352770091522315E-5
1.7582523570586746E-5
1.758652915002539E-5
1.7495828491342114E-5
1.7837590568738473E-5
1.774900599168522E-5
1.7815918020869824E-5
1.784605575881932E-5
1.7878583510800927E-5
1.7999633228539565E-5
1.800201994721586E-5
1.8026298312050196E-5
1.8122514135699577E-5
1.815836174339326E-5
1.8233179449267437E-5
1.8283563150512003E-5
1.8287466966377675E-5
1.8290451412668424E-5
1.8272513113082284E-5
1.8199420500839647E-5
1.8194203856780796E-5
1.827419079553919E-5
1.8186503071778305E-5
1.8141441826126434E-5
1.817639310689536E-5
1.810079111497915E-5
1.8113951445462825E-5
1.8143846369948894E-5
1.808631836784078E-5
1.806394128357493E-5
1.791848564214274E-5
1.7903608255484308E-5
1.8024601878499906E-5
1.800126832427095E-5
1.8095396131184694E-5
1.8081696747110004E-5
1.8045420780019495E-5
1.8056201988895334E-5
1.8153176947096265E-5
1.8141341264905425E-5
1.816645639886233E-5
1.8153418748117535E-5
1.8277688824331668E-5
1.8177425364431136E-5
1.813407526636613E-5
1.808401801811183E-5
1.8137833750362417E-5
1.822415186305137E-5
1.8359872171270326E-5
1.838200647507075E-5
1.844048684640952E-5
1.836819932819437E-5
1.8414995770624177E-5
1.8463458353944815E-5
1.8571730723762673E-5
1.86088964314089E-5
1.8592403483520443E-5
1.8596740109788074E-5
1.8472220841075975E-5
1.852440062326045E-5
1.8447429115286414E-5
1.8407445014284464E-5
1.841582675777355E-5
1.850767470665891E-5
1.8548012554486255E-5
1.864506313684629E-5
1.856391000784097E-5
1.843891803492245E-5
1.8395173598530966E-5
1.8230728951436197E-5
1.810985413201492E-5
1.8051858976605807E-5
1.8030253990928098E-5
1.8049300128662302E-5
1.814673543836826E-5
1.8141714056774234E-5
1.802559176337065E-5
1.8153469693033925E-5
1.8169878160438266E-5
1.8187510949006223E-5
1.8307236901919962E-5
1.8368085135288065E-5
1.8378538752074893E-5
1.8556932318814547E-5
1.8701209879165055E-5
1.862913964578552E-5
1.867986993508527E-5
1.8570976425081428E-5
1.85871927207473E-5
1.8515764594322502E-5
1.849289392410243E-5
1.8493668844765916E-5
1.8455635505381526E-5
1.848155404043535E-5
1.848541910857679E-5
1.853860747098538E-5
1.8549623421918623E-5
1.8546054335479968E-5
1.8722639084010255E-5
1.875930748235293E-5
1.8865835624311425E-5
1.87131272256415E-5
1.8669074385013062E-5
1.8707750122872362E-5
1.8748047251272476E-5
1.8693741104661823E-5
1.853032287645382E-5
1.862824006299727E-5
1.8611544128328165E-5
1.8618209142451574E-5
1.8569820131727736E-5
1.8576135645867246E-5
1.8674056244224492E-5
1.87289911304088E-5
1.8707612950435853E-5
1.8655382681679927E-5
1.85952071424872E-5
1.8603231261338138E-5
1.8564319602697884E-5
1.8596240989046545E-5
1.8742937211470375E-5
1.852180233064956E-5
1.85604324457164E-5
1.8522113857315523E-5
1.8546708017960526E-5
1.858784844763962E-5
1.8574237050741658E-5
1.8737868320128426E-5
1.8579697071295776E-5
1.8578769883463944E-5
1.8600507917621117E-5
1.8671075734502316E-5
1.8615097952543412E-5
1.875494814714803E-5
1.881954143262003E-5
1.8788688049313603E-5
1.8748066184592052E-5
1.873065838111255E-5
1.8698923076749104E-5
1.8716107389129637E-5
1.8915828546085058E-5
1.8905270597850076E-5
1.8851161829795962E-5
1.88228042343094E-5
1.887998920638084E-5
1.882327792189165E-5
1.865610955915114E-5
1.8745727276209248E-5
1.8691666588315607E-5
1.861382297503133E-5
1.8562497860568014E-5
1.8511375952670362E-5
1.8638923564191233E-5
1.879999844085196E-5
1.87883009266324E-5
1.880797851606906E-5
1.889054674287015E-5
1.888558612498717E-5
1.8720629350696906E-5
1.8701763438320875E-5
1.8685166860501664E-5
1.8658769406056753E-5
1.851791524310609E-5
1.8546517925285784E-5
1.8440665302376995E-5
1.8410551178125874E-5
1.8414674679812147E-5
1.8480678730794268E-5
1.8645217914381677E-5
1.859899372065402E-5
1.8526507126482865E-5
1.8510080887248167E-5
1.8320331077867633E-5
1.833642362491487E-5
1.8336879386757283E-5
1.835065765315955E-5
1.8289439558611684E-5
1.8214103903185337E-5
1.8323687593836422E-5
1.8373596367133694E-5
1.8344430553736733E-5
1.8364443228963242E-5
1.8466235070770902E-5
1.8552254405503182E-5
1.8601308772592605E-5
1.8655156194105796E-5
1.8640353184213593E-5
1.858234020568738E-5
1.8501226648513906E-5
1.8442336868571392E-5
1.834676366892896E-5
1.8321578033135218E-5
1.83246193137034E-5
1.822835230225562E-5
1.827758259037089E-5
1.8274184790713566E-5
1.8277629285981645E-5
1.8292369021719805E-5
1.8259007487653017E-5
1.824248579720708E-5
1.8120106961482897E-5
1.8076963125881183E-5
1.807270025480932E-5
1.8209414937949202E-5
1.8165378092024374E-5
1.819061138062036E-5
1.8254633146831298E-5
1.8155835583584605E-5
1.8131416522174813E-5
1.8127343529311332E-5
1.8152351459581387E-5
1.8078328266326402E-5
1.8084065141323486E-5
1.8147324668999782E-5
1.8277577548072075E-5
1.818018872549558E-5
1.829668825430476E-5
1.8393175460069303E-5
1.835373841498824E-5
1.8366037378184376E-5
1.833553989747535E-5
1.8384132087270712E-5
1.8370412679384706E-5
1.844742964337875E-5
1.854161091644687E-5
1.845914916006384E-5
1.8439217531578522E-5
1.8367793520912514E-5
1.830848353815867E-5
1.8382485428348713E-5
1.8321461240852772E-5
1.8422280293757775E-5
1.859675684994325E-5
1.8650423079690696E-5
1.8641403512797936E-5
1.859251673641374E-5
1.8635187993590655E-5
1.8593355299297555E-5
1.8494147741077577E-5
1.846778861521004E-5
1.8465940450238115E-5
1.859378298157675E-5
1.8634040249361713E-5
1.8675721796630234E-5
1.8761419059640937E-5
1.8816282577661913E-5
1.8855458294381094E-5
1.875395846484136E-5
1.8750203876067072E-5
1.880671114560987E-5
1.8773177836843262E-5
1.8899521879436083E-5
1.8802888688337824E-5
1.883843229464199E-5
1.8919363520014898E-5
1.886502911636602E-5
1.8763340024179626E-5
1.8734313537614387E-5
1.875187241419923E-5
1.8721951137314063E-5
1.8800586999888343E-5
1.865704158927664E-5
1.8701196696754407E-5
1.875335811243839E-5
1.876401108366412E-5
1.8751714677426872E-5
1.870208549025958E-5
1.868055896241187E-5
1.8555046013326183E-5
1.859079389399569E-5
1.8617334565635546E-5
1.8684874575656717E-5
1.867824409395269E-5
1.879376648677472E-5
1.87530295467451E-5
1.8735131919773776E-5
1.8836582593667713E-5
1.87956108423182E-5
1.8885056501802002E-5
1.896332632769048E-5
1.892598892516757E-5
1.8952766257206175E-5
1.897298981293872E-5
1.897578458394337E-5
1.8885310127117668E-5
1.8829073276928733E-5
1.880308210278536E-5
1.8824141342927435E-5
1.8971595548511475E-5
1.8896686644930778E-5
1.8946360957416152E-5
1.8935564002272414E-5
1.9025401907188602E-5
1.897125509247367E-5
1.9036733753728745E-5
1.9039905689063543E-5
1.9021921353954512E-5
1.9071961452593678E-5
1.9332830738326712E-5
1.9336335104153498E-5
1.954759970155554E-5
1.9759826650007678E-5
1.9848714173388522E-5
1.9818155251778493E-5
1.9792460382659502E-5
1.9907304851450874E-5
1.989207388844071E-5
1.9867225378526847E-5
1.983675737068983E-5
1.9779545833491112E-5
1.9726067798125618E-5
1.9669447439009953E-5
1.956412103936352E-5
1.964194365303232E-5
1.972650309014014E-5
1.9761762469811937E-5
1.964801555920994E-5
1.9717110670586933E-5
1.977778274595228E-5
1.988103181899974E-5
1.9879996492172907E-5
1.977763917833865E-5
1.972345499937262E-5
1.9684834454670127E-5
1.972731374596367E-5
1.9529092606164225E-5
1.9316353707963278E-5
1.9358045945257856E-5
1.9446733051333437E-5
1.9363204315131888E-5
1.9292057727207005E-5
1.929853093538461E-5
1.935719746277668E-5
1.9321407031118368E-5
1.9304645657150954E-5
1.9189914568343477E-5
1.9164669922921412E-5
1.913449132224058E-5
1.9085151956088413E-5
1.915039535078421E-5
1.920014748698764E-5
1.927293329909508E-5
1.9130939358402425E-5
1.9005722928384597E-5
1.8975919916759135E-5
1.904438854178049E-5
1.9242742590145374E-5
1.9230680556093095E-5
1.9171944095182846E-5
1.9144336406236064E-5
1.9350957893730826E-5
1.9284471517540795E-5
1.9199905851861112E-5
1.915375157764444E-5
1.9169928128041848E-5
1.9172798736459486E-5
1.9078874533951847E-5
1.9162420802199926E-5
1.923974387738671E-5
1.927043112359315E-5
1.9353926937017535E-5
1.9310121347530714E-5
1.926439098669063E-5
1.9175596171293168E-5
1.9300888526356005E-5
1.932558846354357E-5
1.929022874283578E-5
1.9288307640537684E-5
1.94454195160097E-5
1.9488836100209192E-5
1.944091353330299E-5
1.9354916657367214E-5
1.9491907833415644E-5
1.9624710677789184E-5
1.9477932757673888E-5
1.947768057173336E-5
1.9320505221247428E-5
1.9446771788847166E-5
1.9430339610066847E-5
1.950208909600155E-5
1.9448469338843564E-5
1.9378871242408052E-5
1.946645324688684E-5
1.956883117058595E-5
1.9811437153124288E-5
1.9911411811695238E-5
1.9730360960439807E-5
1.965286207538886E-5
1.9613898868722462E-5
1.952452318539797E-5
1.950444642176178E-5
1.9538079306829107E-5
1.950919271466304E-5
1.9422167948960997E-5
1.9540632342068843E-5
1.9711459085711275E-5
1.9661440555242586E-5
1.9766967030681528E-5
1.9774925167646293E-5
1.979076020086085E-5
1.9824623124598034E-5
1.9946723105997987E-5
1.995150271085009E-5
1.9994171599336532E-5
1.9968881770464126E-5
1.9943528047386387E-5
2.0106247320524253E-5
1.99077838109113E-5
1.989489788061699E-5
1.9976030226081593E-5
2.0001201523948825E-5
2.0007874468478887E-5
2.0025921008348125E-5
1.9829508047257803E-5
1.9873649727225388E-5
1.9841966404955344E-5
1.9877316113397475E-5
1.9828595312609207E-5
1.9857310935085313E-5
1.995913429827712E-5
2.0027896290678767E-5
2.004925701109903E-5
2.007055890103653E-5
2.0160242057062057E-5
2.0410268280244695E-5
2.042355283401684E-5
2.0416924045630105E-5
2.0416766594769806E-5
2.049137251741585E-5
2.0689363165130893E-5
2.072360759635184E-5
2.047169202343366E-5
2.032336317063885E-5
2.0391152660225107E-5
2.039973986691598E-5
2.0411032576176672E-5
2.0431143019617506E-5
2.0328671273354386E-5
2.0275418586564012E-5
2.0234157530530978E-5
2.0174961715667593E-5
2.0232392675710377E-5
2.0281354868492557E-5
2.022964653955301E-5
2.0270187821837287E-5
2.026301362268524E-5
2.030261827311217E-5
2.0309534056653252E-5
2.0322275881362693E-5
2.0293988607667528E-5
2.044715329596938E-5
2.0394092548821317E-5
2.0346391889820167E-5
2.0323213944992238E-5
2.042352413720937E-5
2.0411429260275852E-5
2.028759235569666E-5
2.028491991162996E-5
2.0340209349465513E-5
2.054839591922365E-5
2.0385132127496592E-5
2.0482733561240422E-5
2.0430136093062847E-5
2.0269007810174682E-5
2.0159948560713068E-5
2.0238827561441668E-5
2.0430623896361165E-5
2.062714910466984E-5
2.0524859450815277E-5
2.040007461295898E-5
2.0369134978970673E-5
2.024528368103979E-5
2.0343403543970207E-5
2.0377645237661073E-5
2.0480778764327978E-5
2.05289756740732E-5
2.0610046301594812E-5
2.0768680002563405E-5
2.0582944869076647E-5
2.0514115341527986E-5
2.054807755162569E-5
2.0554293974740133E-5
2.047858235114253E-5
2.052215536833767E-5
2.0447588827561663E-5
2.0381263536582294E-5
2.04848417645262E-5
2.046024321114971E-5
2.040775654091013E-5
2.0376839454164095E-5
2.0654657677721466E-5
2.061201817226329E-5
2.0701347679009684E-5
2.0644125824135935E-5
2.0620451150694317E-5
2.0652117201291984E-5
2.068243786313843E-5
2.066784192081413E-5
2.0689940262739662E-5
2.0506248103208466E-5
2.0415486539164528E-5
2.049752573720256E-5
2.0271773278843735E-5
2.0181624097830234E-5
2.0159706991783132E-5
2.002152511897332E-5
2.0174804491476288E-5
2.009029993849083E-5
2.009128621685126E-5
1.9935214653983896E-5
1.9819359315510035E-5
1.9839031396548255E-5
1.9723547075086276E-5
1.9748595050853634E-5
1.971360149816317E-5
1.9778186902723166E-5
1.986532205891206E-5
1.9873619836184157E-5
1.9831987429750938E-5
1.9771059116249562E-5
1.966953515011384E-5
1.9739685585086564E-5
1.962985466795259E-5
1.960827261697359E-5
1.9603256306969482E-5
1.9579282007878624E-5
1.967247291974808E-5
1.9733489726130432E-5
1.9795302121805634E-5
1.9935936141237816E-5
1.9896572249442186E-5
1.9837160354421846E-5
2.003082277327892E-5
2.0141067491888667E-5
2.0158690286810513E-5
2.0145839269261307E-5
2.0137760722026774E-5
2.025504898225259E-5
2.033940517525914E-5
2.0202465250627413E-5
2.0117852018810313E-5
2.011643050881198E-5
2.0117890229762304E-5
2.0112385760452746E-5
2.0155100460793224E-5
2.0217019358215727E-5
2.011017554494672E-5
2.0058253499522494E-5
2.0011333871293095E-5
1.997834381488204E-5
1.997057215028116E-5
1.9894014376497025E-5
2.007518721766288E-5
2.0028923738800958E-5
2.011946505438083E-5
2.0018250397966017E-5
1.982285283029772E-5
1.9575938235359506E-5
1.9494423956067504E-5
1.9382809174032218E-5
1.9436188679840156E-5
1.953253562629958E-5
1.93249338109067E-5
1.940473566213716E-5
1.933995682545651E-5
1.9416530735477907E-5
1.9550130730615648E-5
1.9416456018362396E-5
1.9479944676793375E-5
1.946794429571687E-5
1.952329036316898E-5
1.9626116827318298E-5
1.9847929640697757E-5
1.9795523243895267E-5
1.9905576735398E-5
1.999767365663107E-5
2.0051819766629675E-5
2.0113844470563778E-5
1.9945078645949236E-5
1.995279416138089E-5
1.993190710308357E-5
2.0033687866405907E-5
2.0100089611275933E-5
2.0056949827153364E-5
2.0082159346824268E-5
1.9972730819445743E-5
1.9996991804603387E-5
2.0074433367128056E-5
1.9979687224231277E-5
1.991816923354521E-5
2.0043210091493682E-5
2.0157077363548538E-5
2.0197162863879314E-5
2.006530564332461E-5
2.0129546216653827E-5
2.0090012844039725E-5
2.0013460865130614E-5
1.9992701327240607E-5
2.0100403807794E-5
1.996569879078026E-5
1.990818857037668E-5
1.9822325877647168E-5
1.9926823667919252E-5
1.9948985499491267E-5
1.9923090420498507E-5
1.9895530068132303E-5
1.9804197485868816E-5
1.985426285271116E-5
1.9883609794586746E-5
1.972365386666681E-5
1.9763774484475982E-5
1.9666844367481974E-5
1.969372697715144E-5
1.9606666088693135E-5
1.9628974506389425E-5
1.9652884351492865E-5
1.9652163405350663E-5
1.9385535197562458E-5
1.947475475888862E-5
1.968283507577188E-5
1.9807969007053913E-5
1.9673071633059388E-5
1.966016547614918E-5
1.9775294538725887E-5
1.9810250852965822E-5
1.9767121781049253E-5
1.984830483561174E-5
1.9836122093952178E-5
1.9827488075304438E-5
1.9758275812910376E-5
1.999716042967693E-5
1.9967210914989094E-5
2.00741246357918E-5
1.996855258131693E-5
1.9886706974077126E-5
1.9823995273116644E-5
1.9647863624397785E-5
1.9614078829362853E-5
1.9563068276110838E-5
1.9837150187994335E-5
2.0009157628068964E-5
1.9905777340143565E-5
1.994419812552568E-5
2.002728655725302E-5
2.0130094626283723E-5
2.0068414177064747E-5
2.007257530588442E-5
2.013849171581846E-5
2.017658533099756E-5
2.021339879785628E-5
2.0061503829276866E-5
2.0045606247707785E-5
2.0087792130340914E-5
2.01196916492666E-5
2.0342253808245375E-5
2.0486520204562752E-5
2.064464004146858E-5
2.106747182023398E-5
2.1348869223400278E-5
2.1175024388605566E-5
2.1209973789433126E-5
2.1433930638693278E-5
2.1439058462436175E-5
2.125736428621894E-5
2.101157531385919E-5
2.1011117517184497E-5
2.107509936803562E-5
2.108671640414068E-5
2.123733870625346E-5
2.122318952416908E-5
2.1073804439863707E-5
2.118801602619919E-5
2.1296946339105736E-5
2.140831058753174E-5
2.1485772042401687E-5
2.1388967442025354E-5
2.1567961881904427E-5
2.17788784551117E-5
2.1688088177584778E-5
2.1537306303746175E-5
2.1587782812695103E-5
2.138531719172583E-5
2.1392053241286892E-5
2.1240965416042102E-5
2.1371121101185604E-5
2.1167338749805336E-5
2.115542000865325E-5
2.0938876630222926E-5
2.099384174391728E-5
2.085783426709518E-5
2.0811216859643E-5
2.071537877042811E-5
2.0569101791360906E-5
2.0577084716571767E-5
2.04690041007242E-5
2.0524718173095112E-5
2.0325145753179877E-5
2.0353713772654405E-5
2.0364287445363536E-5
2.029553959526325E-5
2.0268276041674856E-5
2.0182728249166487E-5
2.0234513522707904E-5
2.025619356800238E-5
2.019844975272833E-5
2.011753634390832E-5
2.018522727756454E-5
2.0342530483442248E-5
2.03355261073862E-5
2.027381187312601E-5
2.0426670124302614E-5
2.028098535857584E-5
2.03206730617451E-5
2.037586863118599E-5
2.0284403236904473E-5
2.0368613994663386E-5
2.0359811413581883E-5
2.0317880384339664E-5
2.0276402542236388E-5
2.0273765360464862E-5
2.0295397944296213E-5
2.0426097260865113E-5
2.0406180845696414E-5
2.030930011730195E-5
2.0267190837422156E-5
2.0214418286812356E-5
2.0146864821941744E-5
2.0271293827957587E-5
2.042895404819126E-5
2.0344821732489034E-5
2.0350527461840376E-5
2.0342956155026282E-5
2.0094531017688742E-5
2.0102671254635767E-5
2.0139583169836858E-5
2.009604006076787E-5
2.0072700104099782E-5
2.0116929527202844E-5
2.006485843513503E-5
2.000702542200443E-5
1.9987004565383875E-5
2.0003857238720233E-5
1.99924397237985E-5
1.9826685506378038E-5
1.9648911266498897E-5
1.9852323763069945E-5
1.978824770714588E-5
1.9875796164855694E-5
2.0142700699103596E-5
2.0249277195241426E-5
2.0133621617397373E-5
2.0022847057383266E-5
1.9870954504992353E-5
1.9954725115735576E-5
1.992364715531499E-5
2.0282031511894673E-5
2.014190599660348E-5
1.9994194456022535E-5
1.999965182733509E-5
1.9970489275964596E-5
1.9973407900546002E-5
2.0187661263249312E-5
2.0239702532781495E-5
2.0394567388489868E-5
2.0278949416147488E-5
2.0198068397640344E-5
2.0288830941071287E-5
2.0096026711184976E-5
1.997625150434093E-5
1.9947883430140393E-5
1.9906242991981526E-5
1.986268345494896E-5
1.9831202339957557E-5
1.981198318600288E-5
1.9973420309916435E-5
2.0262328967112255E-5
2.0300957678091453E-5
2.0285527471756492E-5
2.0352652327903704E-5
2.033418318325102E-5
2.029726432288739E-5
2.0347880319054483E-5
2.039169266865003E-5
2.053512218038434E-5
2.0457510396235432E-5
2.039810172587914E-5
2.0370005370567004E-5
2.0460048514955637E-5
2.029480782963747E-5
2.0395041687115918E-5
2.059716514934666E-5
2.0616298945864547E-5
2.0587646174506377E-5
2.0591734527156506E-5
2.0560039558789583E-5
2.0582573801395095E-5
2.063366635101369E-5
2.0616701633131935E-5
2.0567514159730614E-5
2.0565148537884904E-5
2.051715973236823E-5
2.0521500640348854E-5
2.0673010455419733E-5
2.069424204731776E-5
2.0693680219582707E-5
2.065301371647815E-5
2.077978071077899E-5
2.0795162777419575E-5
2.0859476750746707E-5
2.082832692216684E-5
2.0929320764365274E-5
2.0741632553510568E-5
2.057253715685414E-5
2.0539866922791062E-5
2.067869076823568E-5
2.076623106964562E-5
2.0697646432106573E-5
2.080150029477751E-5
2.078925709333414E-5
2.0759294865107573E-5
2.066307730179419E-5
2.0601793587434466E-5
2.063978139990175E-5
2.0623327651059132E-5
2.0580198566487373E-5
2.057100193908706E-5
2.0428493530812702E-5
2.033997571594534E-5
2.0385361921230482E-5
2.0382501400700892E-5
2.0502938021240693E-5
2.0550914755706778E-5
2.0395837700293037E-5
2.0613926396688095E-5
2.062748088021495E-5
2.0818299714906904E-5
2.099985674854809E-5
2.095342696150557E-5
2.0950174200036487E-5
2.0849526707764663E-5
2.0980382563669087E-5
2.0926152670118425E-5
2.1024955556711676E-5
2.1084313690472903E-5
2.125249032514834E-5
2.1152826819366405E-5
2.1420890074197744E-5
2.151086507498043E-5
2.149686332972119E-5
2.1322717420053774E-5
2.124796106124554E-5
2.1494019903244E-5
2.151569959018342E-5
2.151699313119942E-5
2.145437161553347E-5
2.14483183081362E-5
2.1426535824738737E-5
2.1534372080327863E-5
2.1472455994335312E-5
2.140509472074445E-5
2.1386046907782615E-5
2.1242840376121323E-5
2.1157357856572443E-5
2.1357079824119183E-5
2.136832769881134E-5
2.140072555924882E-5
2.147747140168834E-5
2.1560743453159296E-5
2.1561188816626945E-5
2.16868010967531E-5
2.1599228322785613E-5
2.1626734787159844E-5
2.1572480888453942E-5
2.1656841334237752E-5
2.1727283658944495E-5
2.175219640210493E-5
2.1601626431942393E-5
2.1490589384684523E-5
2.1684792886403985E-5
2.1735970917917212E-5
2.1687630078894198E-5
2.1690457252423625E-5
2.1517336759872444E-5
2.1400977315083975E-5
2.139690562299226E-5
2.1228530181521306E-5
2.1113300404564288E-5
2.1147913482846277E-5
2.134331834267957E-5
2.131244376032198E-5
2.139263666794509E-5
2.1390622889373524E-5
2.1293801831374315E-5
2.129479493519118E-5
2.127555220626149E-5
2.1393003379105328E-5
2.1210832029510887E-5
2.135594719506019E-5
2.141205799807805E-5
2.1438384048031932E-5
2.139843287646819E-5
2.1286067927627142E-5
2.130907190399674E-5
2.1177733256189712E-5
2.0991216270150795E-5
2.1012833824967082E-5
2.0854042260722872E-5
2.0785477312763016E-5
2.0729910307856E-5
2.091377725896464E-5
2.0986771237756E-5
2.077833993573739E-5
2.101946820908926E-5
2.090334970409882E-5
2.093161280639818E-5
2.1003668417829565E-5
2.0841404081842425E-5
2.066515867018914E-5
2.0726631264284383E-5
2.0729655604431208E-5
2.060721844627329E-5
2.0508056487039558E-5
2.0498389769602454E-5
2.054119806399851E-5
2.0575139303151478E-5
2.063482315479838E-5
2.0641448907341663E-5
2.0732121352129467E-5
2.0568712722162877E-5
2.045251931609936E-5
2.0357572370432637E-5
2.0332812694298042E-5
2.0226939249080055E-5
2.0179279076906127E-5
2.019326401812738E-5
2.030527771596008E-5
2.0155565918875935E-5
2.016873718198678E-5
2.0247042698905953E-5
2.0298014383379685E-5
2.0158760454782836E-5
2.027795980370953E-5
2.033969522075365E-5
2.057041243802697E-5
2.0525744016378286E-5
2.0440169877810655E-5
2.0569076302871687E-5
2.0558478303968327E-5
2.0535078325900052E-5
2.0680326997395956E-5
2.0617813755283843E-5
2.0528564383739512E-5
2.057430881196202E-5
2.068290115735638E-5
2.0663376078547775E-5
2.0577328445598992E-5
2.0620726698082002E-5
2.074657692750962E-5
2.0744969999543693E-5
2.0756298818539004E-5
2.076031382357291E-5
2.094348326191302E-5
2.104436794256602E-5
2.0982362941801108E-5
2.1062530727897542E-5
2.1313304709913166E-5
2.1083324904391844E-5
2.112259866942485E-5
2.090886943389859E-5
2.0914667513507607E-5
2.105679088176043E-5
2.116176561894347E-5
2.1308485787678967E-5
2.1331819202750834E-5
2.1543183247616483E-5
2.166283758296166E-5
2.1686713071253854E-5
2.172157572668796E-5
2.1563493949305876E-5
2.15940122854836E-5
2.150537404263896E-5
2.1381635888611065E-5
2.1444035221603117E-5
2.1457041231276224E-5
2.1483153805871387E-5
2.1381415167384498E-5
2.1375658094305736E-5
2.1317002231087164E-5
2.1700213416740107E-5
2.17120824896369E-5
2.1573295995583304E-5
2.1656311621045866E-5
2.162586899992376E-5
2.1692661378859677E-5
2.1642098991997857E-5
2.153868095635664E-5
2.170154027679216E-5
2.1815589849998943E-5
2.1653882977949662E-5
2.168569981985048E-5
2.1795300073998128E-5
2.1730303442158712E-5
2.1631708391572717E-5
2.183219576922828E-5
2.192893511412344E-5
2.192744176304227E-5
2.2029667319745136E-5
2.1975197428086997E-5
2.177391582110101E-5
2.175297860303875E-5
2.1803550914052016E-5
2.182280008814449E-5
2.1855634023940306E-5
2.1931895673902624E-5
2.1881196060968943E-5
2.190011631566947E-5
2.1946443619177583E-5
2.2170590918703285E-5
2.228560787420803E-5
2.2332800633347074E-5
2.2068359973925718E-5
2.2027057376423438E-5
2.2156644293289072E-5
2.2223770563297645E-5
2.2246428445777137E-5
2.2273965331325097E-5
2.216121217015489E-5
2.2145887311563304E-5
2.2333438368024146E-5
2.2314601789853067E-5
2.2364093240298804E-5
2.2227049317508342E-5
2.213256254645242E-5
2.209735912426808E-5
2.207964677641847E-5
2.2340506142173173E-5
2.237431556261123E-5
2.2594092222989222E-5
2.2510863218135118E-5
2.225221549816817E-5
2.2405094286752708E-5
2.2381470977414317E-5
2.240902327729129E-5
2.248768783400907E-5
2.228385629686423E-5
2.2364547830119706E-5
2.22499149432835E-5
2.2097248449614972E-5
2.1935512731896263E-5
2.191342163085359E-5
2.210210667273172E-5
2.23670025477761E-5
2.215082054915398E-5
2.216688770289782E-5
2.2058474657017614E-5
2.2118845863499975E-5
2.2205253843044222E-5
2.221595788900691E-5
2.2101114603048504E-5
2.181142522904441E-5
2.1817763222946843E-5
2.1776663713076587E-5
2.181135711799726E-5
2.188272469611373E-5
2.169415018910495E-5
2.1696380399631594E-5
2.1669547237634167E-5
2.1514106293540794E-5
2.1440040814517044E-5
2.140308936245608E-5
2.168340682249564E-5
2.1748213247518635E-5
2.154267729186015E-5
2.1467690363467066E-5
2.1535334455795303E-5
2.1543889090093693E-5
2.1555315603370928E-5
2.1559021589096475E-5
2.166716993271825E-5
2.160584375240131E-5
2.157521988978368E-5
2.1562256395118533E-5
2.161396492187952E-5
2.166643950484285E-5
2.1763442928190922E-5
2.1769686812884913E-5
2.180266142512097E-5
2.169062770642618E-5
2.1538567822294988E-5
2.1732349234175485E-5
2.1299275950141332E-5
2.1266351671977196E-5
2.1092177365629762E-5
2.095568531465421E-5
2.098676126472363E-5
2.1011372995754467E-5
2.0930484126523302E-5
2.0868951703236882E-5
2.0792110667808823E-5
2.0847859490216583E-5
2.088843056240112E-5
2.1020290736424924E-5
2.129605882749921E-5
2.1258875472355945E-5
2.1162635905896765E-5
2.129227200970137E-5
2.1393516669451184E-5
2.1379434454341836E-5
2.1454879187030512E-5
2.1310304500722062E-5
2.140429894770645E-5
2.1468935391816194E-5
2.1344714448184388E-5
2.176349812638441E-5
2.1606372420905116E-5
2.1435461314134483E-5
2.152604867121954E-5
2.1479127553009325E-5
2.1355011220606676E-5
2.132548579080302E-5
2.1328440557160045E-5
2.1628794966749862E-5
2.1574142561236247E-5
2.1498997250169376E-5
2.1540220083045382E-5
2.1477850136036096E-5
2.1660286505738624E-5
2.1785152182895428E-5
2.1772166836168796E-5
2.1722689222921092E-5
2.166209716057557E-5
2.1601993430968268E-5
2.164520551939862E-5
2.1560788295505742E-5
2.1428332221749072E-5
2.1246428929948678E-5
2.1114348806591888E-5
2.1268429961236228E-5
2.1324315414084822E-5
2.1504486896579857E-5
2.1617144733741068E-5
2.1768976636142677E-5
2.1493803131325617E-5
2.137196276368874E-5
2.1423717441323365E-5
2.147402069256426E-5
2.1143510284055256E-5
2.1026965740079823E-5
2.0957635396403328E-5
2.083453393066678E-5
2.0989459130793035E-5
2.1033570501741246E-5
2.112735379721057E-5
2.120812713571199E-5
2.1235150106585296E-5
2.1361962227219494E-5
2.133993817147054E-5
2.120011048639703E-5
2.128492921155847E-5
2.1447619730488742E-5
2.144218290194856E-5
2.14762433351845E-5
2.1565361066765785E-5
2.1643003045416085E-5
2.156180074884634E-5
2.1454939150870927E-5
2.1352294237186826E-5
2.152961974769384E-5
2.1578238473788343E-5
2.17674073464281E-5
2.1685325941707696E-5
2.1771820516191323E-5
2.1810499564760828E-5
2.1735988337432302E-5
2.1739221445671373E-5
2.164166819082264E-5
2.1620572454669462E-5
2.151217998766387E-5
2.1519334880528346E-5
2.1523688743644962E-5
2.1684993010448413E-5
2.1833948107512014E-5
2.1890086050061064E-5
2.2967681793140806E-5
2.295614245897677E-5
2.3029638739795586E-5
2.2919577840061043E-5
2.310359334099793E-5
2.3386139369694567E-5
2.353721070541884E-5
2.349324792611529E-5
2.366109385806989E-5
2.3544974836817054E-5
2.3481913827124365E-5
2.347784843730387E-5
2.3349942076769875E-5
2.3343774344563452E-5
2.3321846303870038E-5
2.3247136215828035E-5
2.332389725144867E-5
2.3423834247343982E-5
2.3310990871858097E-5
2.3341521668310822E-5
2.3335331612053273E-5
2.3300609118159493E-5
2.3193546543037427E-5
2.33724938989633E-5
2.3777579036045853E-5
2.389322117436028E-5
2.3902342131501385E-5
2.3837306479869053E-5
2.389477616215926E-5
2.3926666559844668E-5
2.382502985385049E-5
2.3764803627746395E-5
2.364953351201228E-5
2.3354038748169756E-5
2.3408739551343546E-5
2.3418931836000874E-5
2.3642990121191607E-5
2.3620757070131243E-5
2.3868774076130687E-5
2.3739099013182182E-5
2.3818983118984677E-5
2.3807192551868067E-5
2.3842077163598705E-5
2.3790402775844907E-5
2.373189018039283E-5
2.3734081691064917E-5
2.3720059624028662E-5
2.3711468285837666E-5
2.3802308844651263E-5
2.4014282973921317E-5
2.4033750603627916E-5
2.397123746793596E-5
2.395588429524914E-5
2.4097776311464612E-5
2.4154975944691075E-5
2.4144020693560297E-5
2.410767928958233E-5
2.4209088991798263E-5
2.4165104109665343E-5
2.4037721661288484E-5
2.4074995151000772E-5
2.3872706100706196E-5
2.3893355781065355E-5
2.3962387773999843E-5
2.3941769660202216E-5
2.3956668093017675E-5
2.394120750163353E-5
2.402826636134016E-5
2.3989316312153052E-5
2.4055244152140782E-5
2.4113847282406322E-5
2.4272838617028075E-5
2.4295799008715867E-5
2.4127665186583764E-5
2.424496111403661E-5
2.4415685730495064E-5
2.4646216891777403E-5
2.44347397459365E-5
2.4365054025903056E-5
2.4323144781993307E-5
2.424103650162154E-5
2.4245727198510893E-5
2.4245277963983013E-5
2.418920903560262E-5
2.4317066231357764E-5
2.4342675076256098E-5
2.433803342421164E-5
2.421656250147522E-5
2.4360201724685744E-5
2.4213244990199626E-5
2.4240106480458963E-5
2.4275801279488884E-5
2.4290084019986863E-5
2.426754885052599E-5
2.4335307725560233E-5
2.4461837923047444E-5
2.4336568237549535E-5
2.4359764147334996E-5
2.4378108367231254E-5
2.454312716386205E-5
2.4556418540863385E-5
2.451249091524785E-5
2.436756085463665E-5
2.4466698200214328E-5
2.4561060676975123E-5
2.4504497011437195E-5
2.465387860501308E-5
2.46962850749033E-5
2.4397405208464842E-5
2.429040061791324E-5
2.4089315432062766E-5
2.4078937682485873E-5
2.4119192478869497E-5
2.4073981957582776E-5
2.4187460448501315E-5
2.4030833883108667E-5
2.384999574599695E-5
2.3837720481778112E-5
2.3823403532947385E-5
2.390123723104292E-5
2.3930933871636685E-5
2.38738502241886E-5
2.386465689997521E-5
2.3962067640796547E-5
2.3902967211537376E-5
2.385365651127737E-5
2.3803692184249397E-5
2.3897378363736408E-5
2.3896215011970057E-5
2.3932984836485485E-5
2.396533490203581E-5
2.379859126379508E-5
2.3884240197300703E-5
2.40936317499952E-5
2.429592399743031E-5
2.4279558353206453E-5
2.4295129471533718E-5
2.4217160697553753E-5
2.417000432610357E-5
2.4020801543883638E-5
2.4096315389436123E-5
2.3900583401311332E-5
2.4102798419441683E-5
2.4075412471866466E-5
2.4016632966827083E-5
2.3864451995288972E-5
2.3769326230487657E-5
2.3863351400021706E-5
2.3979260568881625E-5
2.38901311992304E-5
2.391488816861289E-5
2.4091739111604643E-5
2.3875381562843893E-5
2.3729075164928775E-5
2.3697761931888144E-5
2.3816576959159594E-5
2.393771078300768E-5
2.3764807339131977E-5
2.3806879920002525E-5
2.3833002333894858E-5
2.3815536451153625E-5
2.3774686895375255E-5
2.366108025268116E-5
2.3683736076309873E-5
2.3541204495004704E-5
2.3388700283283137E-5
2.3276706189500508E-5
2.3260046716038872E-5
2.334433277034843E-5
2.3250301096709434E-5
2.319745463934947E-5
2.3282500520807436E-5
2.3138397636556438E-5
2.3134739402674832E-5
2.3166663033380954E-5
2.326565160467528E-5
2.3209772210381055E-5
2.307810991469652E-5
2.3059887708303703E-5
2.3159289212951066E-5
2.3282114566161135E-5
2.3446504149674958E-5
2.3584669221731054E-5
2.367832948675645E-5
2.3660885576852342E-5
2.3633781151842374E-5
2.3691843577924475E-5
2.3821582676755343E-5
2.39051790635263E-5
2.3942009725542897E-5
2.393959217532397E-5
2.3900216717807462E-5
2.4004574038577458E-5
2.4076519373604154E-5
2.392069380907839E-5
2.3947120549727416E-5
2.3813634748317984E-5
2.371308970720429E-5
2.3733856691445927E-5
2.3782171666367194E-5
2.3872606531153384E-5
2.3864561532503724E-5
2.3831612824655336E-5
2.3789690705134054E-5
2.3521919993156076E-5
2.3585186993571837E-5
2.3657149606165435E-5
2.366740786901195E-5
2.3406874852060352E-5
2.3390938124641407E-5
2.3275016333811944E-5
2.3589273280907764E-5
2.362489922842038E-5
2.3711719892080213E-5
2.3704824967387814E-5
2.3890090439069858E-5
2.3801904762774722E-5
2.4007633183153704E-5
2.4204661463588842E-5
2.4175032540757982E-5
2.4056325752897385E-5
2.4052545083572987E-5
2.4001062356539382E-5
2.3984626630996163E-5
2.3975311596389465E-5
2.3897955500537824E-5
2.358871262807086E-5
2.3532551383662928E-5
2.349069240230603E-5
2.364603250248479E-5
2.3555371102913526E-5
2.3538929670685335E-5
2.34500989893356E-5
2.329954036821966E-5
2.3222230713953004E-5
2.323821092634383E-5
2.3257115760442923E-5
2.3209707130399623E-5
2.3370817268154615E-5
2.3468618442825518E-5
2.3404454389206063E-5
2.334579156960306E-5
2.3482342253945565E-5
2.3478972732609404E-5
2.359134446573162E-5
2.3695280559670798E-5
2.3761829213902304E-5
2.3682869798167076E-5
2.3423075775901002E-5
2.336461007792632E-5
2.3457136148854177E-5
2.337392654315468E-5
2.3284821731738375E-5
2.318880239828126E-5
2.3026033688402846E-5
2.2811294489707717E-5
2.270329857748795E-5
2.2779168737242217E-5
2.306419746746103E-5
2.314401721434383E-5
2.298121749229316E-5
2.282566276539678E-5
2.2941965695085763E-5
2.3087632986242294E-5
2.3234374004386E-5
2.330488408667963E-5
2.3429702501470955E-5
2.330226321280655E-5
2.332215284618964E-5
2.342956238678394E-5
2.3390201602280813E-5
2.3403056952406674E-5
2.3438965610522322E-5
2.3361143430181034E-5
2.342144781571658E-5
2.3324489804746792E-5
2.3242947889413484E-5
2.3116727913450246E-5
2.295588758927581E-5
2.3039611483938006E-5
2.2836168434768797E-5
2.3018256878824814E-5
2.3364045507652997E-5
2.353922776563565E-5
2.3543481660725313E-5
2.3444463351696205E-5
2.3673394057736906E-5
2.3549899742998186E-5
2.3381841110841474E-5
2.339951949689649E-5
2.3258077654010368E-5
2.310844830438805E-5
2.311757098815329E-5
2.3053700689772965E-5
2.287995340507793E-5
2.2914673744386122E-5
2.2924533341425734E-5
2.2931240939696076E-5
2.2955598268646188E-5
2.3098677128758102E-5
2.312794718428266E-5
2.3205734678449864E-5
2.2863095359957508E-5
2.275978105984202E-5
2.271609122370743E-5
2.276980829433912E-5
2.3042307518963904E-5
2.282842970049104E-5
2.292591003732427E-5
2.3018812390088742E-5
2.298978275713285E-5
2.2952572916083962E-5
2.2924274776189638E-5
2.2928736244087067E-5
2.2942179292734212E-5
2.283843643314321E-5
2.2694214105677306E-5
2.2816347992226082E-5
2.293874421916926E-5
2.2992404383781055E-5
2.3256416957828902E-5
2.3284824893263775E-5
2.3145817728723E-5
2.2999396565108593E-5
2.2980075405030375E-5
2.2817296897882115E-5
2.2777816761370524E-5
2.2915180883560886E-5
2.288230712728283E-5
2.2963539218819325E-5
2.3160808409849914E-5
2.3029203102854897E-5
2.3127773444645224E-5
2.3201488493165274E-5
2.3199264094839292E-5
2.326465915242534E-5
2.315304304744973E-5
2.310802607535006E-5
2.3261533420847555E-5
2.3305882433478148E-5
2.3326694657053583E-5
2.3238335606465988E-5
2.3391258970859172E-5
2.3289409568740658E-5
2.3352265348828535E-5
2.3388328398858095E-5
2.340033346667354E-5
2.3255345162121727E-5
2.327539846433266E-5
2.3179593589060893E-5
2.3179485968492105E-5
2.3239889973418466E-5
2.3226809125889585E-5
2.3571942728985965E-5
2.3768045250169775E-5
2.3778315503349414E-5
2.3695858532176838E-5
2.373954285556839E-5
2.3767419207259974E-5
2.3899461538626137E-5
2.3907506550236727E-5
2.40118706562556E-5
2.4055726411295484E-5
2.4127916337174286E-5
2.3846421998222833E-5
2.3885122723860827E-5
2.3830947249478207E-5
2.3813993129652277E-5
2.385766703545697E-5
2.390901882872995E-5
2.37116611920214E-5
2.3826789558830384E-5
2.3810809953865862E-5
2.3910565673951487E-5
2.4035993163498273E-5
2.4110062400925977E-5
2.3942975936048242E-5
2.382126195157943E-5
2.3743452425493814E-5
2.3803057701872484E-5
2.3894054735782725E-5
2.400099168744349E-5
2.4024495518537293E-5
2.421050991447002E-5
2.4231024634591268E-5
2.411803542263745E-5
2.385653051950503E-5
2.365099756446313E-5
2.3931687686079175E-5
2.4198758159231397E-5
2.411246130082653E-5
2.4037263622966295E-5
2.3973875362552306E-5
2.3836637941052482E-5
2.3925549189534092E-5
2.3806330267634332E-5
2.3973276884983046E-5
2.3966975159511884E-5
2.3906806090660694E-5
2.3930382650803834E-5
2.373167927195235E-5
2.374023451082064E-5
2.3848441957044616E-5
2.390828969026681E-5
2.39961411733927E-5
2.392556911452706E-5
2.3889962180066065E-5
2.384986028057966E-5
2.3780300470741603E-5
2.389118401688346E-5
2.376688512158991E-5
2.3744585868878945E-5
2.357949125230596E-5
2.3620940153810072E-5
2.371180244905393E-5
2.3779823489053004E-5
2.3868362904643178E-5
2.386069847223307E-5
2.3984379533841352E-5
2.4071804603257427E-5
2.4077267086027716E-5
2.4029423588846985E-5
2.3968130705033116E-5
2.4073526173527988E-5
2.403397820359374E-5
2.4046188059105665E-5
2.3906355065068636E-5
2.3804420890368586E-5
2.385762279771877E-5
2.3887428251683556E-5
2.383675813763627E-5
2.395958946785334E-5
2.3935326179572132E-5
2.39007206953024E-5
2.396306697436386E-5
2.3983263420669874E-5
2.4079494996009707E-5
2.3800964762400637E-5
2.3626132319107213E-5
2.3438475119034273E-5
2.341495548873493E-5
2.3300744282423034E-5
2.3225321018356898E-5
2.3287956340036194E-5
2.34516294120307E-5
2.3355823120979402E-5
2.3332714984621794E-5
2.3254762955304055E-5
2.310871904360389E-5
2.297158473836114E-5
2.299745402851644E-5
2.292971746077957E-5
2.287099791485688E-5
2.2794064996988147E-5
2.2740229583156105E-5
2.2773135825462812E-5
2.2703930436320623E-5
2.270444877769398E-5
2.280051365757995E-5
2.2789819337448292E-5
2.2762434070788384E-5
2.2764287706753262E-5
2.2755633846948244E-5
2.2813712009758407E-5
2.281288432313697E-5
2.2786684136458566E-5
2.2764061463700775E-5
2.2732630260761575E-5
2.2832406296954293E-5
2.297457393822648E-5
2.2940260241660518E-5
2.29648522001627E-5
2.3144595816178344E-5
2.310427496396812E-5
2.3105058266338487E-5
2.328528439237263E-5
2.3294060964134265E-5
2.3372282159768937E-5
2.3368285258202287E-5
2.3443489134822587E-5
2.3289985082364794E-5
2.3360639543406193E-5
2.33884435196111E-5
2.337631053283578E-5
2.319714910439531E-5
2.3163765534264213E-5
2.324973866951158E-5
2.326871045257434E-5
2.329627160614541E-5
2.319512171826376E-5
2.324481075018349E-5
2.3084894037926554E-5
2.2911709067451972E-5
2.261941205468999E-5
2.2611610357570506E-5
2.271637897406107E-5
2.2587387118343894E-5
2.250651300402685E-5
2.246600166671643E-5
2.26454567768514E-5
2.265757065238546E-5
2.2537444518829922E-5
2.2852181069175076E-5
2.2887889171071573E-5
2.284000026341839E-5
2.2574710631989283E-5
2.2739818779525683E-5
2.2537191919735097E-5
2.2500187911266674E-5
2.257099016829458E-5
2.2499238200132967E-5
2.255667617789505E-5
2.2574372574344133E-5
2.2481816789787963E-5
2.2511282692932284E-5
2.2209349783570137E-5
2.2150432612833255E-5
2.2233534572468298E-5
2.2221522501989476E-5
2.223587480694906E-5
2.213925871576893E-5
2.2100582760238224E-5
2.2118626091223158E-5
2.2154063096751523E-5
2.211435777663563E-5
2.2037767718325932E-5
2.1923802892086898E-5
2.1974558186925704E-5
2.195214496868478E-5
2.1731300019345185E-5
2.178526688056289E-5
2.1752846084824673E-5
2.154535877999964E-5
2.148563968183166E-5
2.1693861994413396E-5
2.159431796901146E-5
2.184415359776734E-5
2.179326218815101E-5
2.1836381100525668E-5
2.180803002478399E-5
2.1980330346456735E-5
2.2065267898541983E-5
2.2066995218173594E-5
2.201667566132244E-5
2.1921169092922846E-5
2.1876312128824047E-5
2.174482320120615E-5
2.1739876166575568E-5
2.1593349803324536E-5
2.1720439425127106E-5
2.1532007084051637E-5
2.178256744991508E-5
2.177038820533845E-5
2.1851396844205895E-5
2.1855661011542245E-5
2.1823953577035837E-5
2.1751655996521415E-5
2.180302288196529E-5
2.1602182445153644E-5
2.1557938128526726E-5
2.1489944036450832E-5
2.136575418781051E-5
2.1390666734338766E-5
2.1560053427474782E-5
2.173241178357869E-5
2.171002109630998E-5
2.1672987893828348E-5
2.1767809457689025E-5
2.165739735364571E-5
2.1738303371584785E-5
2.1791595053758474E-5
2.1770563935248122E-5
2.1746673792299653E-5
2.165422284353765E-5
2.15656631817392E-5
2.1638349656136474E-5
2.1555028279853827E-5
2.145278073049368E-5
2.139315247671409E-5
2.133744184875993E-5
2.1236420336363448E-5
2.1186088788961352E-5
2.126086720015894E-5
2.141344801998758E-5
2.1311415414415215E-5
2.129548862487318E-5
2.135044139595022E-5
2.135216918580823E-5
2.1336811078770434E-5
2.1249254859194213E-5
2.1314281463116563E-5
2.1378792606762163E-5
2.151204240874606E-5
2.1593793018636647E-5
2.1667799037591014E-5
2.161019991273407E-5
2.166044189796176E-5
2.1777406275782583E-5
2.1781141056572527E-5
2.175399116493934E-5
2.1727182880787148E-5
2.170789238020547E-5
2.1814213662677535E-5
2.1934623692728004E-5
2.196673313860619E-5
2.1892391720945137E-5
2.196909905609943E-5
2.1980503035098222E-5
2.203256853619048E-5
2.2083908507715088E-5
2.2033656871362493E-5
2.2059697935933233E-5
2.222975089544782E-5
2.2171741365206108E-5
2.227703403337007E-5
2.2312693614445298E-5
2.2479376173055517E-5
2.2303682908258032E-5
2.2252509945726674E-5
2.2291526154068587E-5
2.2498287238916883E-5
2.250637392188549E-5
2.2426189519407673E-5
2.261698100688445E-5
2.2799671067235306E-5
2.279207504786653E-5
2.2712331476169225E-5
2.249716376220877E-5
2.2542948515132152E-5
2.2671095808295918E-5
2.2526840228429785E-5
2.2529790492243116E-5
2.244028083636881E-5
2.243271267003509E-5
2.2491454733211483E-5
2.2558563071314567E-5
2.2527404740761136E-5
2.253056703710206E-5
2.2619274001218377E-5
2.2689358193501416E-5
2.2432866989000843E-5
2.235425149926395E-5
2.234142554060114E-5
2.234089255081757E-5
2.2255236997524415E-5
2.2414907232228804E-5
2.2210925087497507E-5
2.2293111759836054E-5
2.2311771744853583E-5
2.2345426056117643E-5
2.2252250687255778E-5
2.2082980047425223E-5
2.2128176865283428E-5
2.214230849414351E-5
2.20886521730779E-5
2.2206829660010663E-5
2.2008672628852068E-5
2.202904625305376E-5
2.2320847851494778E-5
2.2326404990179304E-5
2.221900545069139E-5
2.2198701198535142E-5
2.2262620686623007E-5
2.2287218771906995E-5
2.229414486247532E-5
2.227162597552958E-5
2.2309795693539648E-5
2.2262652459194153E-5
2.2250122474536364E-5
2.2087639646379744E-5
2.203199501147683E-5
2.2069827347221323E-5
2.2163402978753212E-5
2.2029780407181283E-5
2.2082794803944698E-5
2.2419661919520134E-5
2.2647944949963345E-5
2.2522011094839815E-5
2.2609145923923362E-5
2.2506115113528292E-5
2.2458130549459393E-5
2.2409987665542303E-5
2.259711827483762E-5
2.2644581948869348E-5
2.246125105762024E-5
2.250616506346563E-5
2.2542955453013692E-5
2.27259139162799E-5
2.268358231264883E-5
2.2713970142459474E-5
2.262213760670477E-5
2.2660729893556487E-5
2.2924914164087476E-5
2.277185827802072E-5
2.2677157890787335E-5
2.256229552963635E-5
2.259714665455337E-5
2.2711547765909806E-5
2.269494380714482E-5
2.2474753901320348E-5
2.2454488631463666E-5
2.219372909819819E-5
2.235302680996464E-5
2.253519600468556E-5
2.2393021758265908E-5
2.2442108224100284E-5
2.2391062667105303E-5
2.2551228274371073E-5
2.2574698970561614E-5
2.2538143498820343E-5
2.2667532409115457E-5
2.261604075841188E-5
2.2522430911173604E-5
2.2676301247070394E-5
2.2691679890671997E-5
2.2773857900608487E-5
2.2661561786101158E-5
2.261007097284027E-5
2.271957376892839E-5
2.2979529604612252E-5
2.2993221234621207E-5
2.302903688929138E-5
2.2877804722153383E-5
2.303587657305096E-5
2.3396592930779735E-5
2.3339312734146347E-5
2.328215326670673E-5
2.3753349583259636E-5
2.3739120079655696E-5
2.386258387888856E-5
2.379794138392755E-5
2.3790157285129224E-5
2.3814205480519436E-5
2.3760934155329177E-5
2.357552288446888E-5
2.348523200487929E-5
2.3507940319424634E-5
2.3357303690447027E-5
2.333267162985586E-5
2.3313962709301047E-5
2.3387023105371276E-5
2.3332151011333476E-5
2.3369771304871483E-5
2.3335446514443488E-5
2.3414640858018816E-5
2.3370645295772388E-5
2.3383049349940455E-5
2.3303762452654168E-5
2.3360648527378436E-5
2.335821249687591E-5
2.3314129230268177E-5
2.3303195241566685E-5
2.3457479170990744E-5
2.3525081673958808E-5
2.3484537459535696E-5
2.377499600013264E-5
2.3760765596093113E-5
2.380180944695244E-5
2.3978733181495347E-5
2.4069740912234942E-5
2.395648086531922E-5
2.381912779317157E-5
2.385109594435088E-5
2.3909794839489085E-5
2.3866477813447874E-5
2.372541397426697E-5
2.3855734678753507E-5
2.3731509401696247E-5
2.37684447326828E-5
2.369616452972195E-5
2.3698920925323033E-5
2.3831626302594425E-5
2.3982713976085453E-5
2.41144809598458E-5
2.4190074475840887E-5
2.417656567145199E-5
2.4404994014196104E-5
2.4579414230185854E-5
2.4451858589921162E-5
2.4439661929096168E-5
2.4530301771073405E-5
2.4660858601750334E-5
2.467232947993233E-5
2.4634345738406984E-5
2.4575056016661454E-5
2.4591752632090032E-5
2.4761747033574057E-5
2.4984714217296484E-5
2.5255938144045834E-5
2.533481271422757E-5
2.520475828720596E-5
2.501186502999505E-5
2.496613746685616E-5
2.5014135075552338E-5
2.472710066683275E-5
2.495308382322727E-5
2.4736901961506695E-5
2.4874865211450055E-5
2.486453532205038E-5
2.486818064961744E-5
2.487949045713885E-5
2.490007762589353E-5
2.493363122045426E-5
2.5030857639744676E-5
2.5046158179368435E-5
2.5134645729046975E-5
2.5201887632086873E-5
2.5211929447277114E-5
2.532161587348007E-5
2.5377338912205762E-5
2.5309804787806646E-5
2.5593431899132056E-5
2.5654106334394898E-5
2.58109410611093E-5
2.5739656708889714E-5
2.5688245674586145E-5
2.549620657059136E-5
2.559226643775345E-5
2.5683393474250982E-5
2.5828490655829948E-5
2.5869916222236724E-5
2.621235642109524E-5
2.617999408407897E-5
2.6122765590009718E-5
2.6165379923888005E-5
2.6243651155038292E-5
2.621169832634762E-5
2.627517158681915E-5
2.6107267246415118E-5
2.6088882230549396E-5
2.5895301389142815E-5
2.5744925881833197E-5
2.5912116618044633E-5
2.5850244810584542E-5
2.5924140259560894E-5
2.6009360631407015E-5
2.5985128647735503E-5
2.5821392622220108E-5
2.6056722521251415E-5
2.6607219185284588E-5
2.6756106204349246E-5
2.6397904825818453E-5
2.6007007261590038E-5
2.610981301936803E-5
2.612046815063884E-5
2.601979689335484E-5
2.6015816509194113E-5
2.5770840309098396E-5
2.5737661369358897E-5
2.5540696444445153E-5
2.5783063746029465E-5
2.584067679441147E-5
2.5830665607079952E-5
2.5867054979652404E-5
2.5984112858341803E-5
2.576061257867726E-5
2.573352551256653E-5
2.5702212956625206E-5
2.5664974352877183E-5
2.5677983375751395E-5
2.5510320989182545E-5
2.5346540088544533E-5
2.5303910573695965E-5
2.5139174581839803E-5
2.5242420774153804E-5
2.5264934060726542E-5
2.5246466094695874E-5
2.5396103390077382E-5
2.554412974275266E-5
2.5656955848220666E-5
2.5572791819556288E-5
2.5949142059059325E-5
2.5898660192776517E-5
2.5776691033618174E-5
2.571297103669932E-5
2.5559439443636807E-5
2.571331917194503E-5
2.5620494788106322E-5
2.5569689073557012E-5
2.5423307959814354E-5
2.536762584608323E-5
2.5505884689115837E-5
2.5600832206196508E-5
2.5600748853821403E-5
2.528115375802158E-5
2.52449526102419E-5
2.5151004104103525E-5
2.5179673623529384E-5
2.523893616765665E-5
2.5209801504660942E-5
2.530215430960782E-5
2.530559797739087E-5
2.5681762053605074E-5
2.563880095947623E-5
2.5828926024549787E-5
2.5817862521318857E-5
2.561546031002223E-5
2.5594283237093084E-5
2.574504957457881E-5
2.5599273897400396E-5
2.5522540061017378E-5
2.5671059948549395E-5
2.5657386063518067E-5
2.593994899346679E-5
2.6052144744712426E-5
2.591576401912469E-5
2.591757273547009E-5
2.5925378605584228E-5
2.5994236081838834E-5
2.578365404111219E-5
2.5759408994546074E-5
2.5925225817037764E-5
2.5835982747797957E-5
2.572708095923292E-5
2.552328947380588E-5
2.568898051651597E-5
2.5860215818974464E-5
2.598307170718908E-5
2.5759187416978165E-5
2.5881483178561006E-5
2.5809039358071604E-5
2.5675049263602702E-5
2.5525357166328316E-5
2.527770986251684E-5
2.5333171573410565E-5
2.5385033448827423E-5
2.5404822695898828E-5
2.545096154750558E-5
2.5417321367375186E-5
2.5117646783863064E-5
2.528108182240203E-5
2.527681651615222E-5
2.5280084759626172E-5
2.52978865449302E-5
2.510367359517729E-5
2.5334813351730234E-5
2.524697288344543E-5
2.5360185117425798E-5
2.5476571145807625E-5
2.5443263599224757E-5
2.540292723608619E-5
2.532957145668085E-5
2.523226782864322E-5
2.5337769602919402E-5
2.554418778992492E-5
2.566496420026213E-5
2.5667086817270238E-5
2.571674424130909E-5
2.579556328654856E-5
2.5928744138100236E-5
2.5897026737170877E-5
2.5696830308772803E-5
2.5849224994964574E-5
2.6067296921431005E-5
2.6085219809732853E-5
2.6102210157926677E-5
2.6034714466332707E-5
2.5929850093424973E-5
2.6105861370186544E-5
2.607736058944746E-5
2.6052982636687518E-5
2.6071387377535206E-5
2.59614030955235E-5
2.5680020005685322E-5
2.5696102603810166E-5
2.5882356529990004E-5
2.5890958089495162E-5
2.5885760841133365E-5
2.5898150267016717E-5
2.6001411867933822E-5
2.6109587129462815E-5
2.621073437346216E-5
2.6350060299914808E-5
2.6226865679826887E-5
2.625441299661375E-5
2.616806135470707E-5
2.6035866229193895E-5
2.6085137259212306E-5
2.619401449307595E-5
2.6240805417700618E-5
2.61433357473014E-5
2.624179201805852E-5
2.6387970762891337E-5
2.6463697689216886E-5
2.6529569258630217E-5
2.6664215532241842E-5
2.6619956463054165E-5
2.6842446818654994E-5
2.6827210674977517E-5
2.6757775861662245E-5
2.684023896037155E-5
2.6621061673910412E-5
2.66395813398531E-5
2.643974851024028E-5
2.6425010243204165E-5
2.6613758415641287E-5
2.6663593675232955E-5
2.6579936749867553E-5
2.661196633217703E-5
2.6518659328374516E-5
2.6413585399466457E-5
2.6421191086908988E-5
2.657490099021688E-5
2.6495270524807843E-5
2.6491508135303675E-5
2.6759988424774845E-5
2.6768901018003343E-5
2.6900933768985856E-5
2.6900886249270856E-5
2.6798833802324158E-5
2.6590035856347135E-5
2.657394325402377E-5
2.6928531967565647E-5
2.647595906720347E-5
2.6390753565224848E-5
2.623524029743244E-5
2.6339425823311202E-5
2.625612143772998E-5
2.627797077968586E-5
2.626727466414025E-5
2.6378910368261143E-5
2.640649894349278E-5
2.6159552830612886E-5
2.636832404339324E-5
2.62404539828608E-5
2.6179632292182433E-5
2.605213756832699E-5
2.6173973262026E-5
2.588193325809696E-5
2.5814351569026113E-5
2.5872540294390962E-5
2.5844421854725104E-5
2.606192969183464E-5
2.5734092686445238E-5
2.5750717231366996E-5
2.576267397537669E-5
2.5971444673913044E-5
2.599310352841985E-5
2.5924071249203373E-5
2.5958370222875673E-5
2.585141891882048E-5
2.5882841625412554E-5
2.636964513794786E-5
2.6341305115872794E-5
2.6823700086079756E-5
2.6636895997169787E-5
2.6627278523780958E-5
2.6652106197207995E-5
2.6392872931320504E-5
2.6413054452526915E-5
2.6398853623980614E-5
2.6581112987637443E-5
2.6525747963072227E-5
2.670589121684509E-5
2.6540053296500165E-5
2.6706484722957605E-5
2.665507471937186E-5
2.6962019136301E-5
2.693645338395263E-5
2.6927351493377947E-5
2.700054964105297E-5
2.704994317290475E-5
2.715905808125028E-5
2.714504781221909E-5
2.7324326313376186E-5
2.7275890434546147E-5
2.7153432681622335E-5
2.7433553848124396E-5
2.756014646274651E-5
2.7696876852853358E-5
2.7800711275031096E-5
2.7742907252299965E-5
2.754532949791953E-5
2.779264316645049E-5
2.7572332452987306E-5
2.7372317288580156E-5
2.7357181247909113E-5
2.7534460321302442E-5
2.735191228340963E-5
2.7285262908609553E-5
2.7159963065593008E-5
2.715674519448935E-5
2.714763123568038E-5
2.7181423115274787E-5
2.697702965760963E-5
2.694111175892874E-5
2.674095560276708E-5
2.6817734706114385E-5
2.7128258441143227E-5
2.714062177706147E-5
2.695197875080841E-5
2.6767769819169832E-5
2.691762158873516E-5
2.700133462850702E-5
2.7523352316536975E-5
2.7363873076870554E-5
2.7315702703767616E-5
2.736290014919262E-5
2.7569756902957062E-5
2.762668936998528E-5
2.7653126846903387E-5
2.7695275060052363E-5
2.7741452568877116E-5
2.7675656839304855E-5
2.742959193896498E-5
2.7465741975449013E-5
2.731555756012686E-5
2.7290942275040093E-5
2.7138404912075864E-5
2.715214128219279E-5
2.7260202329122362E-5
2.7343136063420458E-5
2.760512599792677E-5
2.7536475933706323E-5
2.7395524902438404E-5
2.768884034644971E-5
2.7938766128937657E-5
2.7984463817670514E-5
2.810262880086305E-5
2.824139684476471E-5
2.8188986712229398E-5
2.799046692473057E-5
2.7826085850388075E-5
2.7912309145395647E-5
2.7966368203351644E-5
2.808980681144887E-5
2.781176129546165E-5
2.7827680848637377E-5
2.7714940574651337E-5
2.787740840805201E-5
2.8183965816475218E-5
2.7946455863307267E-5
2.790796206872843E-5
2.7959267776400294E-5
2.7897058722976576E-5
2.783641961735962E-5
2.7713366908910752E-5
2.7860709903023516E-5
2.7970801116896472E-5
2.8281621751796935E-5
2.868930289739632E-5
2.861060921448621E-5
2.8999210693175856E-5
2.900672292121188E-5
2.9075707468791322E-5
2.889576336339182E-5
2.901468889187398E-5
2.894038964904903E-5
2.8960293280647523E-5
2.9033032893163272E-5
2.910362375333347E-5
2.8800477588052068E-5
2.8655927386601184E-5
2.880362751511608E-5
2.8772799332135118E-5
2.8581753220047057E-5
2.8724819839190003E-5
2.875114029463389E-5
2.889991747745964E-5
2.889389287490779E-5
2.856925753088999E-5
2.8516110457959104E-5
2.844079915754153E-5
2.850521699924205E-5
2.8650897355567293E-5
2.865594587132029E-5
2.856877874700232E-5
2.8435647493227093E-5
2.8337976997387814E-5
2.8677030601909953E-5
2.8669794987684264E-5
2.8898320185992276E-5
2.9199744996177944E-5
2.923809649239376E-5
2.9680279435161517E-5
2.976255211578041E-5
2.9726678777973376E-5
2.991631890066039E-5
2.9920337536378518E-5
2.9684795184446754E-5
2.9956992195763615E-5
3.003925350617613E-5
2.9974454450696436E-5
2.9843612059265546E-5
2.983383525120929E-5
2.975541000202207E-5
2.966656319976344E-5
2.961226751657399E-5
2.9800155150463755E-5
2.9783052227206086E-5
3.199533913039025E-5
3.189397684938095E-5
3.194367552688452E-5
3.1876611666242366E-5
3.204491995073936E-5
3.1857409137209026E-5
3.202185603380878E-5
3.194966184178554E-5
3.1904702578237875E-5
3.1851940737607765E-5
3.172957342402946E-5
3.1576033853938076E-5
3.175882893032963E-5
3.15757959233112E-5
3.174679144258794E-5
3.197757812155738E-5
3.213868872999675E-5
3.253447408687151E-5
3.2624372836727994E-5
3.244133220923285E-5
3.23128320806361E-5
3.236456068269536E-5
3.2384695606367456E-5
3.2504141737945226E-5
3.2578754712501016E-5
3.2667009857389486E-5
3.268580006768993E-5
3.281544806727983E-5
3.2718453707061464E-5
3.264706570426159E-5
3.250386680274994E-5
3.2351660318023766E-5
3.22384398420142E-5
3.2182793100491874E-5
3.196649428407128E-5
3.19371605752214E-5
3.194919357695562E-5
3.182805342471232E-5
3.1885910453950076E-5
3.1999505154841076E-5
3.2145835198890636E-5
3.2037438867629065E-5
3.198614180661405E-5
3.177313052396859E-5
3.1801858869906675E-5
3.186152314672542E-5
3.155496508813575E-5
3.1281324022063786E-5
3.1310139554749196E-5
3.1267334677584675E-5
3.1170197826171536E-5
3.1496482958014494E-5
3.1492273160800365E-5
3.1455678750009935E-5
3.1317314252125134E-5
3.12041099157268E-5
3.1735134219988375E-5
3.20000778009299E-5
3.1737518235139336E-5
3.182850677252767E-5
3.1561199941078984E-5
3.1810873021001474E-5
3.149887770162524E-5
3.148316686365509E-5
3.1315938735467114E-5
3.1820999612487494E-5
3.178919203188616E-5
3.1726232890385085E-5
3.1565923204144405E-5
3.1670607188521704E-5
3.145610153997603E-5
3.1367872120476266E-5
3.137359962491526E-5
3.124835895705053E-5
3.124282177399296E-5
3.117453079060235E-5
3.124598074760218E-5
3.13415508012838E-5
3.113759516177677E-5
3.096949107959397E-5
3.097859699827714E-5
3.0904844205404354E-5
3.075699875550149E-5
3.0698328647316375E-5
3.0731241576114786E-5
3.095968260447755E-5
3.1033191313058256E-5
3.086765341704773E-5
3.072293769104876E-5
3.0670926521043484E-5
3.073408701907362E-5
3.0719304741272664E-5
3.059216523310277E-5
3.0436791856189135E-5
3.0432731770034334E-5
3.055610495821742E-5
3.069660427709266E-5
3.075258605016511E-5
3.0700795780328454E-5
3.071156533799448E-5
3.041521881428225E-5
3.0500400480715877E-5
3.0477697759997198E-5
3.036833724849724E-5
3.0451713735786094E-5
3.0495106853000537E-5
3.0145303659261778E-5
3.0207073292925894E-5
2.989847016674122E-5
2.966380272218396E-5
2.9564255698279394E-5
2.950883918680582E-5
2.951070288872186E-5
2.965308904416571E-5
2.963745295424052E-5
2.9359911698755615E-5
2.9308020877923852E-5
2.9162192464227874E-5
2.9353516923435404E-5
2.9335900866236775E-5
2.910583941376288E-5
2.8760384207552243E-5
2.9020117444737542E-5
2.9052648392841292E-5
2.8797306693973625E-5
2.880430139791258E-5
2.8852978805034007E-5
2.8821205227745565E-5
2.8641192983756585E-5
2.8454650322192997E-5
2.8578056969614996E-5
2.8534637695799437E-5
2.855301782435813E-5
2.8555986423708517E-5
2.851417444597169E-5
2.8596004340220896E-5
2.857331434839633E-5
2.851171520446166E-5
2.8302951428126165E-5
2.839908307621492E-5
2.8297988158438698E-5
2.8163254160444015E-5
2.8238845433648676E-5
2.847041013649476E-5
2.846980365262925E-5
2.8476634136258888E-5
2.859845146742261E-5
2.8849469674080387E-5
2.879740180717565E-5
2.882869218746605E-5
2.892390723083424E-5
2.9011992637510377E-5
2.900514476512686E-5
2.8978749252838713E-5
2.905344773097099E-5
2.9089153379220588E-5
2.8890471941914306E-5
2.878404976919445E-5
2.832941218852876E-5
2.840201943881154E-5
2.8592330621411813E-5
2.866277553602255E-5
2.8871618630429773E-5
2.894960238534631E-5
2.8998313682611237E-5
2.883051093970043E-5
2.9001806992289527E-5
2.9110356323611104E-5
2.9054076165191172E-5
2.9469425524138453E-5
2.944365912810497E-5
2.927126196598058E-5
2.9509275700094836E-5
2.9414454033852978E-5
2.9474806358142695E-5
2.9589226880063972E-5
2.9564241410092942E-5
2.9769771808301107E-5
2.974152274545256E-5
2.9538985491914E-5
2.93382521563204E-5
2.9110184698056156E-5
2.887682594619803E-5
2.8838442011987125E-5
2.8865373606880393E-5
2.8679250635661115E-5
2.867013574654227E-5
2.8556884362552223E-5
2.8474591242037878E-5
2.8735635035456412E-5
2.8741539640266878E-5
2.8503421027636794E-5
2.8400443870238334E-5
2.8449241362814993E-5
2.841318957645836E-5
2.8381422309359586E-5
2.848694598992564E-5
2.8381080296472557E-5
2.8292283576513823E-5
2.8300871140246046E-5
2.834227163723766E-5
2.835251199107919E-5
2.836986570664643E-5
2.8608113709095773E-5
2.8490139864119774E-5
2.8356005676831378E-5
2.8412395881530436E-5
2.8403762778390332E-5
2.843928906974093E-5
2.8156316255459537E-5
2.8070091320027512E-5
2.794211665159448E-5
2.7990804892793493E-5
2.7985835389678085E-5
2.8105175151580976E-5
2.819948692384408E-5
2.820580486809756E-5
2.8126074550349538E-5
2.8198390350943636E-5
2.8770628461304238E-5
2.8812402295041475E-5
2.8791735784423934E-5
2.859573446105993E-5
2.845557317518878E-5
2.8322260978623597E-5
2.8328899849481008E-5
2.814685439874955E-5
2.817603104580783E-5
2.8490381702458537E-5
2.8251961017610574E-5
2.8114155597019975E-5
2.817625742061777E-5
2.8278004467708805E-5
2.8351534470814245E-5
2.847477718764751E-5
2.85108312147036E-5
2.87616046940389E-5
2.8724165434284156E-5
2.8598046165257126E-5
2.852978302026512E-5
2.8586617838392606E-5
2.8518416461508312E-5
2.8358193573655815E-5
2.8318010565004386E-5
2.8328723191366954E-5
2.8433119603923594E-5
2.8477652890649017E-5
2.8682445268057455E-5
2.916600290424694E-5
2.9326343489439945E-5
2.9104781433589783E-5
2.9198411267202843E-5
2.905686042875719E-5
2.9114489087784225E-5
2.8836950201128714E-5
2.905987153493277E-5
2.911747416710464E-5
2.9303918733985987E-5
2.9409820617068458E-5
2.938163201201864E-5
2.9679783652986735E-5
2.9564112380779616E-5
2.9523181648534896E-5
2.9630523346830583E-5
2.9737063106896994E-5
2.9567901777822845E-5
2.9917235089095656E-5
3.0086800115405733E-5
3.0480018245545922E-5
3.030812049603496E-5
3.0155945643486976E-5
3.0053509994816213E-5
3.0025723992311037E-5
3.0221646251250658E-5
3.0389747389251623E-5
3.0510502769264197E-5
3.0279973684551815E-5
3.0516576600348956E-5
3.056573854855474E-5
3.0420614860723873E-5
3.0350443867416542E-5
3.026718104066601E-5
3.0355521220686627E-5
3.0274009751463382E-5
3.044577861150607E-5
3.0496014087424794E-5
3.056350001946714E-5
3.049863494699998E-5
3.068133600665227E-5
3.0882382939154724E-5
3.094347452326574E-5
3.0826112885391585E-5
3.06301905374473E-5
3.0605632658548457E-5
3.068190386974249E-5
3.085404017331258E-5
3.0963360656429914E-5
3.0869627581588665E-5
3.068125611559311E-5
3.051975320564587E-5
3.067991626044871E-5
3.0556523375037384E-5
3.07255404958508E-5
3.083387156673093E-5
3.094230187862253E-5
3.0884608378988434E-5
3.1122603966565106E-5
3.13534572505936E-5
3.126960353160698E-5
3.140680249930152E-5
3.1286041645685576E-5
3.112180113181002E-5
3.096868804491689E-5
3.079027474337484E-5
3.09219540071355E-5
3.097349803830669E-5
3.117264667252785E-5
3.1370253781523756E-5
3.1191413904008656E-5
3.114112327093285E-5
3.138686481156602E-5
3.118408980407762E-5
3.1079789169364594E-5
3.0958473119587755E-5
3.0852331206596155E-5
3.082225295172E-5
3.06002054065875E-5
3.0452991297661042E-5
3.052523746963617E-5
3.054932116940816E-5
3.0617053166779195E-5
3.0729694374733896E-5
3.060406438471935E-5
3.0898641151007775E-5
3.071837902555157E-5
3.0537137305911266E-5
3.0179653761558212E-5
3.016173199564718E-5
2.9938861532145856E-5
3.0156843788485213E-5
3.0163273277134526E-5
3.0019590416811648E-5
3.011178853827229E-5
3.0011902982546786E-5
2.979523768935566E-5
2.9678882494718604E-5
2.989823196830333E-5
2.9895138790739343E-5
3.0209178716998904E-5
3.0329890690669776E-5
3.0309026485724662E-5
3.0365485224881625E-5
3.0452206663945135E-5
3.061713722297363E-5
3.0440150090858717E-5
3.0465970279381143E-5
3.059066555734999E-5
3.038101084245338E-5
3.0517360498807366E-5
3.0416007462241137E-5
3.0350068269340162E-5
3.0229405021780506E-5
3.013427685600138E-5
3.0125553442276895E-5
2.9921677459189553E-5
3.0087589117589596E-5
3.0162399545053425E-5
3.0321100484164006E-5
2.990116167494943E-5
2.9974824604357183E-5
2.9967637737933503E-5
2.994987242068859E-5
2.975693839331834E-5
2.9881065810094317E-5
3.0396147866232335E-5
3.034874854349946E-5
3.043926592138307E-5
3.0451546505633794E-5
3.0551149532601395E-5
3.035174491378509E-5
3.0263918835695956E-5
3.0112003329979324E-5
3.0169425775128745E-5
3.038360002420482E-5
3.072004952549629E-5
3.043592496720051E-5
3.054668220927425E-5
3.062969830149507E-5
3.093965698129914E-5
3.087561057732364E-5
3.0643003715757924E-5
3.06604791174667E-5
3.060994021213449E-5
3.0644679163074006E-5
3.070451596257079E-5
3.0639632998535955E-5
3.0598759206373733E-5
3.081215098608272E-5
3.099602017429015E-5
3.0666138256356254E-5
3.0448417216863272E-5
3.059915756545048E-5
3.0778095205548674E-5
3.077230356425275E-5
3.0888195385476746E-5
3.077046063737497E-5
3.073226224054866E-5
3.0729038453289804E-5
3.066092749358157E-5
3.063324337527312E-5
3.059481827667205E-5
3.065055447061325E-5
3.079606614438053E-5
3.0979884975538234E-5
3.113076560165322E-5
3.09076247431731E-5
3.0834714772076755E-5
3.0900792413132695E-5
3.096452581520846E-5
3.095899094683449E-5
3.10348139648514E-5
3.122979316713138E-5
3.1269372676072756E-5
3.1150901790103534E-5
3.124728472111955E-5
3.124692903777593E-5
3.1352510987886296E-5
3.121249231178949E-5
3.0832958348470465E-5
3.075402754245476E-5
3.067239471259442E-5
3.097216430473198E-5
3.109462475689458E-5
3.1046397485494836E-5
3.096711191519711E-5
3.1078273391667015E-5
3.10641919057304E-5
3.141364510282097E-5
3.159276260267216E-5
3.145504208537457E-5
3.144779747494259E-5
3.164383705249889E-5
3.1408439891550874E-5
3.140504498039861E-5
3.153777568124152E-5
3.151290090124745E-5
3.163070190672061E-5
3.15523465202473E-5
3.1279396767681125E-5
3.1487706270963634E-5
3.1161009944895576E-5
3.0947798351869456E-5
3.106033140482969E-5
3.139157442101372E-5
3.1465290305502515E-5
3.1845382829898036E-5
3.2185563811170234E-5
3.252313598483485E-5
3.2336696973679864E-5
3.2082311871411436E-5
3.217167643447558E-5
3.190174138448391E-5
3.1695709416794766E-5
3.1920066448833285E-5
3.181213425132315E-5
3.184729555184995E-5
3.1764821780439354E-5
3.200185670703956E-5
3.215147497572555E-5
3.210014665221077E-5
3.2199012293535786E-5
3.250951090989074E-5
3.2483217355188414E-5
3.258630851897033E-5
3.2572923539064626E-5
3.272851648260183E-5
3.2763673190423244E-5
3.273101166121077E-5
3.283135588061283E-5
3.264936919828277E-5
3.281908502688832E-5
3.245434015302234E-5
3.2490511717617365E-5
3.257471564951212E-5
3.252923271462333E-5
3.281661432923372E-5
3.295327598007046E-5
3.298564890170525E-5
3.312700271244123E-5
3.3064369472700075E-5
3.3104856366000966E-5
3.294513853409539E-5
3.297760998932805E-5
3.295271470655653E-5
3.271652724105847E-5
3.287016943652847E-5
3.2828770163396705E-5
3.270719381464772E-5
3.244665625354373E-5
3.2585196417972545E-5
3.278682414903004E-5
3.2680965853235416E-5
3.292336318149953E-5
3.3086381482566085E-5
3.2756540502412687E-5
3.32108720142353E-5
3.332473644601815E-5
3.349310601873737E-5
3.341033495054947E-5
3.341864335021751E-5
3.3253604170248466E-5
3.333547043010593E-5
3.359856160000261E-5
3.334725450578545E-5
3.347626212020866E-5
3.35505020156515E-5
3.34824885954876E-5
3.346810407301766E-5
3.3523440873760876E-5
3.3265505100608136E-5
3.301581566534776E-5
3.275640820076205E-5
3.276349598834941E-5
3.257019957524299E-5
3.252752688662243E-5
3.2361478502992415E-5
3.239240066994307E-5
3.24656634700273E-5
3.248406536398951E-5
3.203471297978014E-5
3.226141422423479E-5
3.2230259192348636E-5
3.250229499843075E-5
3.2635713973563094E-5
3.2543208383513546E-5
3.251630723408285E-5
3.2841804879427464E-5
3.27968667561261E-5
3.274975904306553E-5
3.290712594920787E-5
3.259207954113458E-5
3.271977881440615E-5
3.2496398655458615E-5
3.239975137996485E-5
3.245549081615577E-5
3.2438661460356835E-5
3.280936576563905E-5
3.27549832353929E-5
3.2656273557885925E-5
3.279485800020321E-5
3.2648236519819345E-5
3.274585371958582E-5
3.269344499975194E-5
3.2724227911708366E-5
3.283139180119788E-5
3.285920585892763E-5
3.303899737765766E-5
3.2871565567185706E-5
3.2485003555686187E-5
3.224317006033345E-5
3.235325620437934E-5
3.235326807390818E-5
3.2220040614303E-5
3.2328104081970235E-5
3.225887174965489E-5
3.209086135179586E-5
3.215910750568538E-5
3.2122493433537785E-5
3.180439481665709E-5
3.1671485472229524E-5
3.182042853701381E-5
3.161371953948379E-5
3.1362525237176135E-5
3.145423336573035E-5
3.1457086211718456E-5
3.132784669075305E-5
3.132588108511814E-5
3.117244559559872E-5
3.1224713079007766E-5
3.1336567604990454E-5
3.129077128127084E-5
3.131280700216637E-5
3.136108189914417E-5
3.106660867215545E-5
3.105818154501391E-5
3.091426815986374E-5
3.078051069078617E-5
3.0486950186890123E-5
3.0153789648247636E-5
3.0054518598588E-5
2.9887910500239688E-5
2.9775134413964387E-5
3.00010694951236E-5
3.006098075937148E-5
3.048184719251126E-5
3.0289331766045792E-5
3.0504109323847384E-5
3.0549606933634164E-5
3.0214326252715977E-5
3.0319355682334475E-5
3.03944501643359E-5
3.0374990379250324E-5
3.0097259472806996E-5
3.030147330316817E-5
3.0416023647242643E-5
3.0457173805215964E-5
3.0676879195323914E-5
3.095196548788577E-5
3.094401031156509E-5
3.064548274466298E-5
3.074722277009358E-5
3.089981483211196E-5
3.114955399434205E-5
3.130879387859362E-5
3.128770507828232E-5
3.125003940936536E-5
3.110444110643863E-5
3.1298551548956366E-5
3.111347420464113E-5
3.089302939360066E-5
3.062260318481788E-5
3.0692323610263685E-5
3.056548450859424E-5
3.030096204243443E-5
3.021399229456228E-5
3.0332873170108107E-5
3.035346228411958E-5
3.0594708990070915E-5
3.052459243075333E-5
3.05399526363972E-5
3.058428857053748E-5
3.053857950274538E-5
3.039742534238789E-5
3.021406076664678E-5
3.0352909745063777E-5
3.051548551786079E-5
3.067840298078969E-5
3.045843480618486E-5
3.0437231604161722E-5
3.0279266690753973E-5
3.020986028240457E-5
3.0157512462752947E-5
3.0356429136706427E-5
3.033510621537887E-5
3.041748574667468E-5
2.9727798573611333E-5
2.9636466553160325E-5
2.9560326698953916E-5
2.9361177728678595E-5
2.9339429880417787E-5
2.9309395585425033E-5
2.91962130289411E-5
2.927322583404375E-5
2.9194058665599236E-5
2.9102712497575357E-5
2.917731298498624E-5
2.887070590125982E-5
2.8698363718984864E-5
2.8807670867228927E-5
2.8585349269638576E-5
2.8636496460338343E-5
2.8603196088785455E-5
2.864506418783454E-5
2.855993274281637E-5
2.8650662907501555E-5
2.8650557144446814E-5
2.8678755557688845E-5
2.8722517928899845E-5
2.8931838637829078E-5
2.9055014741586284E-5
2.8948612514065463E-5
2.8848061820015238E-5
2.881885619617805E-5
2.8954242711074394E-5
2.8860351874227135E-5
2.886789406537898E-5
2.9001480739270036E-5
2.918620600668508E-5
2.9067017942812822E-5
2.9216316824881417E-5
2.9231694164770968E-5
2.9309227413692153E-5
2.9439333938871337E-5
2.9414372689756646E-5
2.929104867940854E-5
2.9101110693095404E-5
2.9067629664339974E-5
2.9439523998323817E-5
2.949356831525965E-5
2.9373333665785124E-5
2.959175831600897E-5
2.961107246511418E-5
2.968988002482028E-5
2.9496111987530757E-5
2.9541014508438505E-5
2.9668011481829045E-5
2.9656226729913705E-5
2.989207723395811E-5
3.0100317845850866E-5
2.9965714155482186E-5
3.009711658884612E-5
2.9932087540692357E-5
2.9814756232712176E-5
3.0007833375120343E-5
2.9754122424182947E-5
2.973988460039866E-5
2.9790387309596156E-5
3.0142467183527812E-5
3.0187557249178338E-5
3.002535281752283E-5
2.9961403511335917E-5
2.9848989152773307E-5
2.9869140356343055E-5
2.986752371194554E-5
2.9816563869533443E-5
3.013693635905315E-5
3.0175585188087632E-5
3.029245251298926E-5
3.0307923918137163E-5
3.026654973138764E-5
3.028582624249081E-5
3.0249977692220787E-5
3.0274288987853496E-5
3.0079170590137246E-5
2.996034931668536E-5
2.9936355929716035E-5
2.9948766635234087E-5
2.9891521148038097E-5
2.975750113607173E-5
2.9716693279248318E-5
2.98010885003316E-5
2.996427305865994E-5
3.024686136546273E-5
3.015010525247003E-5
3.0084311489945574E-5
2.9800635398840398E-5
2.980886353904285E-5
2.9936292897279733E-5
3.022001569211972E-5
3.0195049610783663E-5
3.0168795162624876E-5
3.019430992619662E-5
3.026887842837092E-5
3.0184156622157488E-5
3.0223136959736062E-5
3.0096572610474703E-5
3.0115098698682154E-5
3.0110323693239287E-5
3.0277647690896438E-5
3.0218791034402692E-5
3.0401988598601516E-5
3.0438723807628538E-5
3.0747598202566E-5
3.059971733591936E-5
3.0644667436154515E-5
3.063492357775046E-5
3.0682390006863036E-5
3.065926916421657E-5
3.106882781091905E-5
3.128987025718744E-5
3.125033433081684E-5
3.088620660243215E-5
3.077999925550399E-5
3.073142271997565E-5
3.0757853137281934E-5
3.0898579599955034E-5
3.0905069885080493E-5
3.093564505847506E-5
3.08335311373717E-5
3.070755919496207E-5
3.0665764483938446E-5
3.0787056388451866E-5
3.106617353417672E-5
3.078994020509848E-5
3.079828135226824E-5
3.063771622840395E-5
3.078328027148493E-5
3.067016089199946E-5
3.055833475195219E-5
3.0279131543454456E-5
3.0364334298708594E-5
3.0506079643782816E-5
3.044314863076119E-5
3.056551970881853E-5
3.062812170499004E-5
3.09144694284145E-5
3.092337237999613E-5
3.104370563148289E-5
3.0982890685402585E-5
3.094026723733248E-5
3.0694665495915124E-5
3.0486716997833778E-5
3.0319770205347036E-5
3.0442566726580894E-5
3.0494255422940885E-5
3.071944415724909E-5
3.095970387774249E-5
3.0632537849927174E-5
3.065588982040777E-5
3.0541828080346065E-5
3.06685013887377E-5
3.0567006599031496E-5
3.050305210805594E-5
3.0339661799537398E-5
3.0453324872243664E-5
3.0420350599537737E-5
3.0207447580769943E-5
3.0347010513899734E-5
3.053283399582755E-5
3.063714921169751E-5
3.0409253349685438E-5
3.0124294799397806E-5
2.9985439265059533E-5
3.0199927133945026E-5
3.0405700280728778E-5
3.058146795258128E-5
3.062523757742509E-5
3.056484910986011E-5
3.0608216718429304E-5
3.063208977227966E-5
3.0808156807897274E-5
3.096006007715389E-5
3.114470415953479E-5
3.115906316423558E-5
3.102756330630112E-5
3.111350089685853E-5
3.142859008387757E-5
3.147234457688054E-5
3.1927800526521084E-5
3.181505084135903E-5
3.1727726866614054E-5
3.1970518586363854E-5
3.1843213531106046E-5
3.190150742822509E-5
3.182601825438179E-5
3.20577875303416E-5
3.249419385711076E-5
3.2708916058731006E-5
3.269720289109815E-5
3.2537248482210296E-5
3.25164290312215E-5
3.2398403102449414E-5
3.235984913480769E-5
3.220407823509479E-5
3.192388685448634E-5
3.186379296510927E-5
3.1717858985258094E-5
3.1598617700798976E-5
3.163449362224476E-5
3.1692574103182454E-5
3.188739117340031E-5
3.1854446289693E-5
3.163878799688704E-5
3.1647191969587874E-5
3.179834099025745E-5
3.192864381844704E-5
3.159988919585742E-5
3.1723703664063914E-5
3.175371744709691E-5
3.220768435965102E-5
3.219225968487323E-5
3.2228004524157216E-5
3.231226356880716E-5
3.261412645977967E-5
3.267805021171083E-5
3.28191156147696E-5
3.2851720565287296E-5
3.277030499815654E-5
3.2960833628247835E-5
3.30581332917891E-5
3.300946084706518E-5
3.298502725878183E-5
3.281402934026209E-5
3.2736398315862084E-5
3.282888189488267E-5
3.2611946128128164E-5
3.305310450412133E-5
3.332637869861087E-5
3.3306801158894775E-5
3.318398450717983E-5
3.327569913888807E-5
3.316919137094032E-5
3.312766688688317E-5
3.305872987802827E-5
3.269624283608383E-5
3.29706156664424E-5
3.307470065512303E-5
3.3003540776933564E-5
3.290826262151924E-5
3.273019330381561E-5
3.273161310101508E-5
3.2761552181311404E-5
3.301197404046954E-5
3.3202162759356385E-5
3.324593891547071E-5
3.312460203061581E-5
3.28918471453471E-5
3.258690849976767E-5
3.2842411545210896E-5
3.2708760578401644E-5
3.264077182267559E-5
3.2500802808403E-5
3.264076624914227E-5
3.304533948879358E-5
3.3160440672247866E-5
3.3153259739948414E-5
3.3239559869560636E-5
3.328667290541713E-5
3.329278264610815E-5
3.3382108255183145E-5
3.310365865104856E-5
3.3315782410724644E-5
3.2824718501014615E-5
3.2796116817767E-5
3.282365984146434E-5
3.3023654191352794E-5
3.318767802162549E-5
3.310760941783985E-5
3.306438434262662E-5
3.327099936317884E-5
3.338887445716801E-5
3.3492288699122196E-5
3.349619816620476E-5
3.3613535953571466E-5
3.4023604825919365E-5
3.395990872967906E-5
3.403100063063E-5
3.4202076827419096E-5
3.4152254387964904E-5
3.386015205406326E-5
3.389706337468546E-5
3.395037147900503E-5
3.382736562134137E-5
3.392478907035286E-5
3.370797394076937E-5
3.40254230565739E-5
3.3966261122740814E-5
3.386124298411079E-5
3.393931826030335E-5
3.398923467630276E-5
3.360789069008012E-5
3.363502017900624E-5
3.3604483870382454E-5
3.376107054442433E-5
3.400201871736981E-5
3.4019000726732274E-5
3.3805117519948457E-5
3.378036585790296E-5
3.3756748172135485E-5
3.3906160749293424E-5
3.3797094337643466E-5
3.366886253280455E-5
3.3634474529002427E-5
3.367597747576236E-5
3.3570897935491816E-5
3.368000153944962E-5
3.321081826192087E-5
3.325023487866336E-5
3.3405948816685616E-5
3.3367862812323E-5
3.339507541999595E-5
3.3596832742303406E-5
3.347889376999696E-5
3.336512098313582E-5
3.358104769845102E-5
3.398353359995624E-5
3.3864901174621525E-5
3.389069825137363E-5
3.379742958796732E-5
3.412189413381479E-5
3.396279228011988E-5
3.356422608840881E-5
3.348209601344746E-5
3.345158866060161E-5
3.35069516803818E-5
3.3547184814134986E-5
3.354813526634419E-5
3.354936877758855E-5
3.3854692151087785E-5
3.386888323814149E-5
3.3930453659843485E-5
3.3864428349097694E-5
3.375782652635735E-5
3.385084912018914E-5
3.3452568867296596E-5
3.344636236641711E-5
3.34260679743523E-5
3.3402483866968204E-5
3.3398309192688455E-5
3.34522687679852E-5
3.3674175134758546E-5
3.3657630688382175E-5
3.379196714604401E-5
3.397122280430533E-5
3.410456575133917E-5
3.4160253882549246E-5
3.4124050080953315E-5
3.412226116764987E-5
3.397862255215987E-5
3.4180101024320685E-5
3.445585731638316E-5
3.448975986849679E-5
3.431188785675088E-5
3.434588808675227E-5
3.4194615146551364E-5
3.4297345939208954E-5
3.438717306439617E-5
3.428594839832785E-5
3.427488013952656E-5
3.4143520911783626E-5
3.434166504244195E-5
3.4584964185698614E-5
3.456417842124236E-5
3.4259966202379306E-5
3.4147472088968676E-5
3.3906735464121526E-5
3.3711637657426105E-5
3.335697840340636E-5
3.34081491279407E-5
3.3463380372706044E-5
3.384162726880043E-5
3.3473362368601816E-5
3.380099031900767E-5
3.3839737610859706E-5
3.3857985599934374E-5
3.4210603168926026E-5
3.4387973754882664E-5
3.400579633258885E-5
3.407756850238387E-5
3.4086656026585416E-5
3.395980191525755E-5
3.381120781981679E-5
3.375461626956722E-5
3.3911515704831765E-5
3.3697202775834155E-5
3.379996346231883E-5
3.417127420720715E-5
3.422864653787088E-5
3.409910832566062E-5
3.4135950716268715E-5
3.4251246167783025E-5
3.423862512915602E-5
3.4210564804436605E-5
3.4153731100585064E-5
3.41684471334163E-5
3.461485461559059E-5
3.4491265599050266E-5
3.416812033617185E-5
3.398147801898658E-5
3.3876988999864737E-5
3.399299472565605E-5
3.399928032532671E-5
3.376503660657684E-5
3.364573003084843E-5
3.4188547122890245E-5
3.3821170256862855E-5
3.389260188942246E-5
3.402984341628825E-5
3.395283704099296E-5
3.4375036631691E-5
3.438103717416877E-5
3.417290075499625E-5
3.4390373159806984E-5
3.470459489510653E-5
3.443629557993287E-5
3.3902263294724505E-5
3.373907147536657E-5
3.391252793220012E-5
3.4029844343966816E-5
3.4166324810165815E-5
3.387355942994773E-5
3.3805393278733024E-5
3.389357579088839E-5
3.381981442449678E-5
3.374544662713408E-5
3.367314103243351E-5
3.344965087671106E-5
3.345299173160014E-5
3.4112396243537346E-5
3.4408114601519524E-5
3.4188785483294366E-5
3.382192821300336E-5
3.380196687469142E-5
3.4060330705232556E-5
3.380642081489711E-5
3.390583141535192E-5
3.374406320288005E-5
3.36422695821476E-5
3.347712028813695E-5
3.368936880988603E-5
3.311176552625509E-5
3.33845737555219E-5
3.361798496708855E-5
3.365894915465236E-5
3.3694325253945026E-5
3.3459083923227274E-5
3.3273979615782994E-5
3.321788030547031E-5
3.3527987755675164E-5
3.33421531391081E-5
3.314132676742228E-5
3.327264137741055E-5
3.316078174491918E-5
3.309535191356793E-5
3.301951044282511E-5
3.2904272025798E-5
3.2642654243596165E-5
3.2751534606362866E-5
3.286992597018686E-5
3.269783507966493E-5
3.2678078548457934E-5
3.2979678726946476E-5
3.3116387192731225E-5
3.3170676272013374E-5
3.3114016945963386E-5
3.2720459831666036E-5
3.2705569203609864E-5
3.251436377915811E-5
3.254417548456485E-5
3.2861155334984956E-5
3.27835092358427E-5
3.2682047818142536E-5
3.2431486993473754E-5
3.2591773679156114E-5
3.222785612624093E-5
3.151934585086469E-5
3.1701996019102475E-5
3.1670912347176885E-5
3.1456110857985875E-5
3.166485393720603E-5
3.169296703549997E-5
3.176761079168631E-5
3.21735156074965E-5
3.220201216457753E-5
3.245341812351497E-5
3.2383138417915935E-5
3.236670586169434E-5
3.228903556126009E-5
3.256265566132857E-5
3.267399946059258E-5
3.284159518318399E-5
3.26238500798493E-5
3.231909283366351E-5
3.224476822918754E-5
3.211760865450438E-5
3.218580479743809E-5
3.2085395348269606E-5
3.219333559537676E-5
3.2109558217955076E-5
3.242261021474943E-5
3.225043230807477E-5
3.239232590533706E-5
3.2550971602023634E-5
3.2666895634722584E-5
3.277549878736255E-5
3.30811413624943E-5
3.321067669873469E-5
3.317090665711637E-5
3.2921660478075645E-5
3.313295666713461E-5
3.3222376635465235E-5
3.312643046214299E-5
3.296860611851841E-5
3.354921270148617E-5
3.34664245901375E-5
3.3207846655754995E-5
3.305162323230319E-5
3.2784064585520285E-5
3.2678201733721295E-5
3.2901923095351E-5
3.295097870136378E-5
3.300322649796086E-5
3.300582321127206E-5
3.281258467090443E-5
3.284022284267385E-5
3.2891996711148824E-5
3.2934516192473504E-5
3.302445971617694E-5
3.295784007327165E-5
3.28918558222321E-5
3.3146506527332025E-5
3.318090431655376E-5
3.2896282917194166E-5
3.297800385725635E-5
3.270724698501134E-5
3.2862419476367966E-5
3.2783771099271276E-5
3.26928119631086E-5
3.279367779045264E-5
3.269961456726278E-5
3.2988646571299644E-5
3.311958393689018E-5
3.327027548828603E-5
3.3098895371208715E-5
3.351315013143254E-5
3.3412966063152426E-5
3.3216261027037206E-5
3.346073063988952E-5
3.358471712809127E-5
3.349183156438646E-5
3.3689666485042864E-5
3.344945083936048E-5
3.3281886592991116E-5
3.308952384992008E-5
3.289585243244463E-5
3.2659635306610874E-5
3.2534777148394497E-5
3.254996297729622E-5
3.294605771859694E-5
3.257025324057093E-5
3.2719610313159416E-5
3.279622642498193E-5
3.2763059300671874E-5
3.2663504455495946E-5
3.267892603078267E-5
3.28285644048188E-5
3.280306699856258E-5
3.2748256697991536E-5
3.296069866317011E-5
3.304423975818784E-5
3.31808991675523E-5
3.296057092109924E-5
3.326102572183703E-5
3.3079330701124545E-5
3.3148859694546666E-5
3.317650929688965E-5
3.307441537146086E-5
3.310413745218083E-5
3.334656975340641E-5
3.305578720060011E-5
3.3154052918877994E-5
3.312544617078616E-5
3.2850223168298754E-5
3.268062430732E-5
3.2797438425111934E-5
3.2614077892682955E-5
3.279529638184492E-5
3.301294304192307E-5
3.30595650912173E-5
3.315088847119003E-5
3.3225465142119714E-5
3.312677760167182E-5
3.302110138843072E-5
3.2908324945322295E-5
3.279543347687755E-5
3.271219849790914E-5
3.283365565542624E-5
3.2735960201619195E-5
3.2296462244430054E-5
3.233071502119354E-5
3.237244300704421E-5
3.2704092785367304E-5
3.286470429751641E-5
3.271202255015735E-5
3.287425169984063E-5
3.281289106516554E-5
3.279463880925187E-5
3.283791355287443E-5
3.260113727737692E-5
3.256586299859225E-5
3.3697578507799254E-5
3.354085816510186E-5
3.370632202695479E-5
3.410248559500316E-5
3.4197957234497496E-5
3.423981820756741E-5
3.4468558008511E-5
3.454823659952938E-5
3.427374267947054E-5
3.443222515482424E-5
3.430969564741966E-5
3.425501696388068E-5
3.4124622819339316E-5
3.4052110996193714E-5
3.403410358425981E-5
3.428700779459665E-5
3.433834760701459E-5
3.4482268305487534E-5
3.478845105044555E-5
3.484261594713705E-5
3.4861594530538784E-5
3.458783802956533E-5
3.4648946494838964E-5
3.479609724788105E-5
3.4837201870102996E-5
3.464572141042767E-5
3.467780701228635E-5
3.42670166566597E-5
3.4519851653019015E-5
3.4439723155618903E-5
3.435814561972197E-5
3.423812568749079E-5
3.433858678431517E-5
3.4145636577649086E-5
3.3796434294287496E-5
3.3588343529533695E-5
3.360223686898801E-5
3.360595418424374E-5
3.362140122445863E-5
3.3506094001398795E-5
3.358026559528599E-5
3.355089425799315E-5
3.3630603586088704E-5
3.351419166631294E-5
3.338588524639433E-5
3.355370674901092E-5
3.359897173746871E-5
3.364356173829963E-5
3.381847110958566E-5
3.375787533222366E-5
3.3969555066642395E-5
3.399523922403361E-5
3.4276763364222564E-5
3.4317933771265304E-5
3.4371801045147586E-5
3.4384700563162624E-5
3.4057189221402364E-5
3.4206040337785627E-5
3.422289841287665E-5
3.406684055117088E-5
3.476471926815411E-5
3.49610258619998E-5
3.460863717937879E-5
3.4455104611461754E-5
3.4376951485879734E-5
3.343803028454199E-5
3.365415961826769E-5
3.347637985818889E-5
3.3565674243580226E-5
3.359980596385979E-5
3.34702244522859E-5
3.332754101212341E-5
3.3198795977448216E-5
3.3250633637374736E-5
3.317414072056455E-5
3.299835628345324E-5
3.306118621224281E-5
3.3268246386643015E-5
3.3189055782971616E-5
3.3279651514433424E-5
3.301998228001502E-5
3.3070217836917484E-5
3.309227553025179E-5
3.3179358657173685E-5
3.333911453977532E-5
3.342509667823564E-5
3.3448262720579804E-5
3.350081315406617E-5
3.3553539123694305E-5
3.334932976791818E-5
3.3413827335956824E-5
3.323775807323726E-5
3.322582638662085E-5
3.338807541575445E-5
3.3322657341968906E-5
3.322024287314902E-5
3.338783156452737E-5
3.329918957413697E-5
3.332629681152469E-5
3.326431159586304E-5
3.3145631735920474E-5
3.285239574752107E-5
3.274787143038543E-5
3.2557564347119987E-5
3.236413350442874E-5
3.239868096018241E-5
3.224306760667353E-5
3.250042270161308E-5
3.2604502227798115E-5
3.266184385288238E-5
3.268291565438147E-5
3.279968459967951E-5
3.26754858398089E-5
3.2730231068333216E-5
3.279127976833395E-5
3.338174893491229E-5
3.3372319791647154E-5
3.344986906596349E-5
3.333134125765365E-5
3.334486434035495E-5
3.3488523240640725E-5
3.393565013573566E-5
3.393775430167685E-5
3.376379296083957E-5
3.4120764172589883E-5
3.3981592065714834E-5
3.3648704399585556E-5
3.3859584387995564E-5
3.378467501535168E-5
3.3953440820814E-5
3.3998419371443864E-5
3.3735754690050993E-5
3.389395465258169E-5
3.396262216754387E-5
3.406812552643686E-5
3.394929091064544E-5
3.4131752598297046E-5
3.405647980531402E-5
3.44131165986237E-5
3.413336907203419E-5
3.395511425991641E-5
3.393592582657073E-5
3.39802153221585E-5
3.379800186319354E-5
3.3695384590860665E-5
3.366017115066977E-5
3.374210752772687E-5
3.37702813090536E-5
3.401379078310762E-5
3.441200337972491E-5
3.4582576178926736E-5
3.4558639393884616E-5
3.465887236180328E-5
3.485781858174242E-5
3.4904721630261355E-5
3.449987651010251E-5
3.44099925377108E-5
3.418203987325519E-5
3.4238993502364605E-5
3.4063968435977904E-5
3.401272517841741E-5
3.421039933784133E-5
3.404052658567342E-5
3.407842269600218E-5
3.406633570894575E-5
3.391604017040275E-5
3.372655166455965E-5
3.4090083203270656E-5
3.408149073165201E-5
3.402356930230201E-5
3.40164147184998E-5
3.401261464216183E-5
3.4008374758954755E-5
3.4063810910367266E-5
3.405721504389163E-5
3.4058320617726384E-5
3.423042139799119E-5
3.403769302140402E-5
3.41229691357812E-5
3.424382721285346E-5
3.435662514492689E-5
3.434926333040466E-5
3.4363814097148644E-5
3.446315222786542E-5
3.4409389075735573E-5
3.4283276750893256E-5
3.417996758665123E-5
3.4321353503463866E-5
3.426025595431485E-5
3.441112037563305E-5
3.438219567463953E-5
3.432725879791251E-5
3.4381589704864396E-5
3.403514801726888E-5
3.3893416856442996E-5
3.390940100015927E-5
3.39854300702927E-5
3.367478356347802E-5
3.37682154846879E-5
3.3428881659708584E-5
3.355048834968611E-5
3.38164495758467E-5
3.383073719584343E-5
3.3992751034255954E-5
3.4134489739055816E-5
3.4349621867543916E-5
3.432159195065854E-5
3.4522448543438854E-5
3.446789142709926E-5
3.440325874088646E-5
3.4164498602490106E-5
3.4472150143867735E-5
3.430829017551139E-5
3.431597149331209E-5
3.446913323998259E-5
3.446408013286864E-5
3.458484389121123E-5
3.450916815768689E-5
3.4210204914004025E-5
3.412743122216229E-5
3.412431599870669E-5
3.406413343207493E-5
3.419676898214299E-5
3.400574978999507E-5
3.4056299031860004E-5
3.422906628597658E-5
3.414125619489226E-5
3.4147165090973996E-5
3.434098837131467E-5
3.4429560512816905E-5
3.4382230311463386E-5
3.446507482683239E-5
3.436121601751097E-5
3.430962432286146E-5
3.438256800291587E-5
3.421176058297844E-5
3.412193331357412E-5
3.397782768539993E-5
3.384905755612151E-5
3.376830338161658E-5
3.366523424020913E-5
3.3655263029240236E-5
3.32754988574554E-5
3.311274768669009E-5
3.3318349921186775E-5
3.3351104329202144E-5
3.357293473052403E-5
3.382690611228713E-5
3.362297035709555E-5
3.357629945353848E-5
3.356298266736501E-5
3.369057617518705E-5
3.3687124386238795E-5
3.3603559152363635E-5
3.3630927585585275E-5
3.360082569919944E-5
3.377209642861105E-5
3.3810501706549335E-5
3.395181392255557E-5
3.390352957578576E-5
3.3794963926936306E-5
3.358445481248713E-5
3.343772185332199E-5
3.358337183059533E-5
3.364442991507404E-5
3.356577352125028E-5
3.36937035998943E-5
3.407123512352471E-5
3.421508188407238E-5
3.402249941064531E-5
3.3979739418145406E-5
3.423305509744966E-5
3.3997867484507384E-5
3.408203868167747E-5
3.4318793349178736E-5
3.4311742950809425E-5
3.443869268007035E-5
3.461756471711662E-5
3.464973740075864E-5
3.470899658528786E-5
3.483502408265731E-5
3.4932543609151065E-5
3.499140424119946E-5
3.493438242632929E-5
3.510980702402045E-5
3.528390266201381E-5
3.528663913524756E-5
3.4955372962130384E-5
3.4891810387412525E-5
3.5122472266465355E-5
3.505183837815478E-5
3.48484211911882E-5
3.47155342273896E-5
3.483840417493012E-5
3.472020302876212E-5
3.4768728588837127E-5
3.4535249186544134E-5
3.475237620681466E-5
3.4630877556869056E-5
3.500973376774699E-5
3.5015234796689445E-5
3.515007553932086E-5
3.4989470043920385E-5
3.478346682726205E-5
3.467016783337904E-5
3.481185277801533E-5
3.47887788990323E-5
3.4986394490835547E-5
3.4756175789460046E-5
3.456435252873515E-5
3.467783554445225E-5
3.4957779924793284E-5
3.5227243695637454E-5
3.5157217576257564E-5
3.5332773516195045E-5
3.543468228612681E-5
3.517027692556402E-5
3.522979252992463E-5
3.533476640145465E-5
3.532583717129406E-5
3.5377894760374954E-5
3.51112296731938E-5
3.5022256280256786E-5
3.479612785664362E-5
3.469598802524721E-5
3.4528992920959244E-5
3.4423397992635646E-5
3.447942820771372E-5
3.4603210198357174E-5
3.446188149605341E-5
3.4351564127980844E-5
3.427949966037539E-5
3.425973765747074E-5
3.427659576154871E-5
3.4429601423718104E-5
3.414559728000092E-5
3.414528973073094E-5
3.430510047745594E-5
3.438514345404532E-5
3.437032978114204E-5
3.424051352807803E-5
3.4367705872467544E-5
3.4317979276974205E-5
3.4078295973657226E-5
3.407957553458492E-5
3.3870369764717955E-5
3.398135093160419E-5
3.4143721901569937E-5
3.4231467503043925E-5
3.411506101218659E-5
3.424944453577637E-5
3.409328291760138E-5
3.413286749145597E-5
3.42468727463581E-5
3.4274334184294594E-5
3.424007845880671E-5
3.435834711520189E-5
3.4439677123930805E-5
3.420419883227026E-5
3.419827878720506E-5
3.435512607794257E-5
3.449079225568564E-5
3.4244444563055855E-5
3.420884252033724E-5
3.406914883582282E-5
3.3904424517856184E-5
3.372959571963561E-5
3.374152956134523E-5
3.3641206573972905E-5
3.3687861712971985E-5
3.370063171449952E-5
3.3751853880945994E-5
3.3755050604214197E-5
3.388025525836405E-5
3.408490892312996E-5
3.4007012605166925E-5
3.434116859195391E-5
3.42662586158851E-5
3.433623914267673E-5
3.420200338830302E-5
3.433745620255031E-5
3.4572750803984766E-5
3.464856345978679E-5
3.473983130606666E-5
3.4871495465936717E-5
3.513768745122435E-5
3.5116837504047355E-5
3.514507549291575E-5
3.501231774362273E-5
3.499681165427189E-5
3.510373388241813E-5
3.5162238700597855E-5
3.5356031781694204E-5
3.5285764333765664E-5
3.5537360042391384E-5
3.568563795818518E-5
3.5865722182198716E-5
3.583084786469075E-5
3.5786363761574356E-5
3.567431891700254E-5
3.545680087322082E-5
3.52927755074238E-5
3.466065065754136E-5
3.468899454852603E-5
3.474843743346001E-5
3.49320387832295E-5
3.4879945037601176E-5
3.495218113752998E-5
3.5189071451649574E-5
3.546635927392079E-5
3.5501757135410504E-5
3.550145303218388E-5
3.5356282626195876E-5
3.553944134101961E-5
3.552703295664581E-5
3.543184591699763E-5
3.519625257359306E-5
3.5161723371450086E-5
3.5364567133981286E-5
3.542914409598852E-5
3.517786443187619E-5
3.5071627228168225E-5
3.522472266999162E-5
3.511510084664402E-5
3.478347390181818E-5
3.492779555212E-5
3.478532133994851E-5
3.509954535414221E-5
3.507322328776248E-5
3.520066618522145E-5
3.535021341939813E-5
3.517111775438947E-5
3.5272676199166455E-5
3.545428901046559E-5
3.5553661253496454E-5
3.525892112555317E-5
3.523472263364392E-5
3.510089206523128E-5
3.51793165023504E-5
3.5394867026396344E-5
3.551929031280561E-5
3.551610419056192E-5
3.557502282314957E-5
3.574099538694952E-5
3.5634896912368165E-5
3.583583127028792E-5
3.599927673498498E-5
3.58304723129186E-5
3.586144679128421E-5
3.6123890643162804E-5
3.643781155050234E-5
3.6472959584773836E-5
3.6635931039676186E-5
3.688201211113553E-5
3.708782447192139E-5
3.7096480424122995E-5
3.705439071140442E-5
3.692634866326652E-5
3.696348748916448E-5
3.6901314094251765E-5
3.667583677833697E-5
3.6952720422223926E-5
3.702607516697859E-5
3.70376853045877E-5
3.702664202373876E-5
3.707886253457671E-5
3.709997971724115E-5
3.7276292426568495E-5
3.704672800582632E-5
3.7095709020259486E-5
3.717585064952991E-5
3.712649153351159E-5
3.7333618124422994E-5
3.7640294778272096E-5
3.78625233678359E-5
3.78524610268951E-5
3.763821936623483E-5
3.751258602633546E-5
3.74745834499646E-5
3.736044081012178E-5
3.7438300035845937E-5
3.72414588124261E-5
3.730777660821588E-5
3.724454009881724E-5
3.6995133131993217E-5
3.6897830856339684E-5
3.67630052324484E-5
3.667489588709203E-5
3.65294318651381E-5
3.630254106181609E-5
3.637832686710751E-5
3.657506505260748E-5
3.70304956832313E-5
3.693773470002764E-5
3.685044013569068E-5
3.704851099235285E-5
3.723531766412893E-5
3.7390361632005984E-5
3.7378335689775985E-5
3.703690593546865E-5
3.688389017934343E-5
3.6797121884613906E-5
3.654556920128385E-5
3.6181332519201354E-5
3.6175995515799975E-5
3.619666803656399E-5
3.618922183598416E-5
3.658715514829626E-5
3.668632208619158E-5
3.645138349787869E-5
3.5976688603272916E-5
3.565128709901531E-5
3.554747724214421E-5
3.5280473217334114E-5
3.53322928935649E-5
3.546589381374391E-5
3.5195220623298945E-5
3.507594078838472E-5
3.5201430404403196E-5
3.513403966614275E-5
3.503856533513077E-5
3.486934005402501E-5
3.4898124290689764E-5
3.50295870993426E-5
3.498968506419441E-5
3.511409954221286E-5
3.513642304818749E-5
3.507944106834259E-5
3.4861599241930596E-5
3.493524558688174E-5
3.512439918640892E-5
3.484421969552499E-5
3.4885747306904864E-5
3.5031734596474196E-5
3.496148899623861E-5
3.465542950713834E-5
3.46661698392938E-5
3.474168786983858E-5
3.461648503507096E-5
3.4736644723044606E-5
3.450518733369641E-5
3.440232512399157E-5
3.458041890714028E-5
3.478223960809947E-5
3.465125363850354E-5
3.4583766415705854E-5
3.447941167133993E-5
3.451644664253163E-5
3.449366085458696E-5
3.4639249833670995E-5
3.4681987089009816E-5
3.45997352027518E-5
3.464450025250268E-5
3.455852822484721E-5
3.450908629751993E-5
3.461574221822595E-5
3.463846776560484E-5
3.4637876189563273E-5
3.451081381576828E-5
3.471914622435021E-5
3.4665709747654245E-5
3.4622334739825825E-5
3.473316521033184E-5
3.4761897793807133E-5
3.484184685528112E-5
3.4802297932496534E-5
3.481898222378434E-5
3.4861784317752906E-5
3.468060321847432E-5
3.4772527434649E-5
3.478615458219588E-5
3.529717880895601E-5
3.5357802568087895E-5
3.559473711015599E-5
3.5454294446216524E-5
3.5409580687429205E-5
3.545046042771143E-5
3.541227961885411E-5
3.525416740035536E-5
3.547067275797709E-5
3.5642101586560685E-5
3.605178933525601E-5
3.6179654839591705E-5
3.61161284080844E-5
3.603928357416292E-5
3.583230580168493E-5
3.55369558063697E-5
3.5355651410488745E-5
3.5462788420972606E-5
3.528128031903802E-5
3.519235398977348E-5
3.515192028201697E-5
3.534581860597852E-5
3.5497925688637E-5
3.547335607631155E-5
3.539944454368738E-5
3.5522771002725615E-5
3.5388924279026546E-5
3.554099768143214E-5
3.57024368479138E-5
3.56784889168398E-5
3.563231950630792E-5
3.559613275529622E-5
3.544876183820019E-5
3.518914702142704E-5
3.544904530441783E-5
3.5464603955486294E-5
3.5550832976505145E-5
3.563830776569056E-5
3.569378995501673E-5
3.5921257004071715E-5
3.566326618268744E-5
3.561008225772707E-5
3.571937766538674E-5
3.5965317497992604E-5
3.589162647788363E-5
3.599334177078641E-5
3.600720766826205E-5
3.5786711105439316E-5
3.6047784478581185E-5
3.619211457495288E-5
3.619530119714017E-5
3.605303621478636E-5
3.548303599823273E-5
3.54503167158E-5
3.56737114806383E-5
3.5801361125971295E-5
3.564569128325734E-5
3.570211835702901E-5
3.568963749380885E-5
3.5736262841135356E-5
3.560028544332809E-5
3.539749086225455E-5
3.548075876709109E-5
3.544463501600299E-5
3.563635828086272E-5
3.5671675246155626E-5
3.555669215773762E-5
3.5490099455235416E-5
3.550866185057605E-5
3.553642775155596E-5
3.569901183261889E-5
3.562412562488265E-5
3.552551660813759E-5
3.542124880410144E-5
3.530373814550026E-5
3.527204233011422E-5
3.542793353148134E-5
3.538131318681426E-5
3.5167575856460746E-5
3.507912564556594E-5
3.5184451250128925E-5
3.5498710424854135E-5
3.589369526301969E-5
3.596774521408055E-5
3.6200512439304835E-5
3.621141479349432E-5
3.621029017329006E-5
3.608726675074763E-5
3.606972259712028E-5
3.6103808653714984E-5
3.619796754251172E-5
3.5929740009180663E-5
3.5890842732194064E-5
3.5823476147698126E-5
3.545810914572637E-5
3.532477691264477E-5
3.527241836996457E-5
3.581852215902782E-5
3.59295904180552E-5
3.6127450885163314E-5
3.614351399280119E-5
3.601707191901563E-5
3.627491014116407E-5
3.620434197176255E-5
3.636351866227722E-5
3.646522053422124E-5
3.694531085474017E-5
3.677668499560265E-5
3.6659632097128636E-5
3.6736092421864556E-5
3.67822654944695E-5
3.660914134790221E-5
3.679548462639495E-5
3.6507264635141086E-5
3.6135699305136475E-5
3.618313830724037E-5
3.618811283069344E-5
3.58801918074097E-5
3.5904242015553554E-5
3.594117052663815E-5
3.5885229308718714E-5
3.605995609182955E-5
3.608573970708495E-5
3.6130399777762646E-5
3.62371247276528E-5
3.669831250652437E-5
3.6560114534842245E-5
3.689633781948778E-5
3.719864625453776E-5
3.6689393380512735E-5
3.652771807590699E-5
3.6596610746241104E-5
3.6569646402798944E-5
3.6274683920992625E-5
3.6062751201954944E-5
3.609724764207415E-5
3.613955058150406E-5
3.602722681385013E-5
3.579389151515937E-5
3.518758115421012E-5
3.5360175626939214E-5
3.540481400917853E-5
3.559587741879556E-5
3.587126640192913E-5
3.6054778350311365E-5
3.6100088660750145E-5
3.6307459680365614E-5
3.620580608302049E-5
3.609748104722641E-5
3.626570794994402E-5
3.617114104426876E-5
3.677622236709219E-5
3.690950045748543E-5
3.6720134038600315E-5
3.673647834247036E-5
3.65639338290564E-5
3.73757314369729E-5
3.728883768979406E-5
3.725456837091052E-5
3.729988374177087E-5
3.7244095599903635E-5
3.7480820560222526E-5
3.750712494467938E-5
3.7411053888647266E-5
3.7538953461663604E-5
3.776037720017158E-5
3.793329670174947E-5
3.782806141806109E-5
3.78498389133275E-5
3.7973470095115725E-5
3.742663516517598E-5
3.717988884775329E-5
3.7158777770870385E-5
3.717264835681072E-5
3.7289945294755594E-5
3.715366187363122E-5
3.710450938631083E-5
3.729695329626089E-5
3.729388338362817E-5
3.7129578623967286E-5
3.700851657508461E-5
3.702463852434591E-5
3.720454329411214E-5
3.682520958698321E-5
3.660457966298903E-5
3.661893368695903E-5
3.659303903538603E-5
3.641020165570475E-5
3.638676305325736E-5
3.619419790208954E-5
3.627693838152751E-5
3.626037682447333E-5
3.6401103921632685E-5
3.644390522094766E-5
3.646159469374182E-5
3.670804533847719E-5
3.678515282208167E-5
3.6976166632850645E-5
3.689698953641913E-5
3.688790647678794E-5
3.691860911028624E-5
3.688321376379602E-5
3.67400961102857E-5
3.704100242259476E-5
3.713311243308128E-5
3.70405085733554E-5
3.709711239360527E-5
3.6763859226914994E-5
3.675371184375213E-5
3.69776420192259E-5
3.720046631792955E-5
3.71684291780586E-5
3.695778473449533E-5
3.6853033925569786E-5
3.6354134022926835E-5
3.659609431242456E-5
3.649774406078502E-5
3.6223817741492036E-5
3.6395046271502315E-5
3.6598145173009984E-5
3.668745168385448E-5
3.6910406101720466E-5
3.681795158230847E-5
3.6825084276255076E-5
3.691274139435694E-5
3.695623930262261E-5
3.6762005596829123E-5
3.671102845596444E-5
3.670186094301058E-5
3.68064467196468E-5
3.6861773822965766E-5
3.703984989480065E-5
3.729263257567129E-5
3.6962992750513546E-5
3.713637984814674E-5
3.728125417158779E-5
3.71479528191731E-5
3.710774255412693E-5
3.7323281264922196E-5
3.7330928492543494E-5
3.740169835449964E-5
3.7097047365364805E-5
3.7122437266252545E-5
3.723842674691072E-5
3.707075604273532E-5
3.7091898362472074E-5
3.695350385137109E-5
3.694441749210332E-5
3.694507206923858E-5
3.646349345611613E-5
3.639130960651128E-5
3.638413150147351E-5
3.645539668576394E-5
3.6336501037284984E-5
3.627841298963339E-5
3.688040814564298E-5
3.737092569371086E-5
3.723202020443998E-5
3.7341914218525536E-5
3.7349131681215625E-5
3.73561630954335E-5
3.687668522464052E-5
3.71545324494652E-5
3.721073014589784E-5
3.736147723507739E-5
3.702457031578189E-5
3.6984729341490614E-5
3.703978300925692E-5
3.7507626282837E-5
3.796265768289483E-5
3.778688336170023E-5
3.7736049458370416E-5
3.7800635652386925E-5
3.80672521608075E-5
3.796298913738797E-5
3.792162610203703E-5
3.803497525002282E-5
3.819277189532812E-5
3.808222386290616E-5
3.844129217118661E-5
3.8468976224320415E-5
3.845053472081303E-5
3.861973414026565E-5
3.8754203216077025E-5
3.886867028635792E-5
3.880207024546881E-5
3.89708294718571E-5
3.913187547303752E-5
3.945348135646901E-5
3.9341505296530774E-5
3.946462259922346E-5
3.943445135627389E-5
3.899805527977355E-5
3.87979886851172E-5
3.889186314734816E-5
3.911885683448333E-5
3.9250008490659204E-5
3.919248171713342E-5
3.913720687461165E-5
3.90283920666013E-5
3.905494584331109E-5
3.895458576582175E-5
3.918828786348747E-5
3.921258411195693E-5
3.910749873093325E-5
3.904688748508716E-5
3.91419121390604E-5
3.9132990309037855E-5
3.902194243674112E-5
3.8965979803712486E-5
3.899099383405104E-5
3.872469702873441E-5
3.874044177276337E-5
3.862740346205498E-5
3.813400637137878E-5
3.7819479271230374E-5
3.782105306862725E-5
3.797610909713968E-5
3.7856931024776356E-5
3.7989338035195116E-5
3.75491426226111E-5
3.7701108347494175E-5
3.78217690255528E-5
3.769279027321599E-5
3.7646547208490426E-5
3.760352256221964E-5
3.779743089900517E-5
3.757871026820929E-5
3.7418422061018527E-5
3.773481559497775E-5
3.778022986387106E-5
3.7588176970266444E-5
3.748181062948628E-5
3.763993461343572E-5
3.7370678648105936E-5
3.715614667625849E-5
3.7108256007791895E-5
3.711073046404833E-5
3.7353590357512434E-5
3.728448424850869E-5
3.7234967067305416E-5
3.731376262226221E-5
3.735738699257527E-5
3.7552670811487E-5
3.746413784291511E-5
3.764916545442421E-5
3.7621539799604603E-5
3.772099986685535E-5
3.770380917662376E-5
3.746356937556011E-5
3.720556136647358E-5
3.7196628888053254E-5
3.7335541412354376E-5
3.735797855004042E-5
3.722116097355149E-5
3.743580368052449E-5
3.762445955395095E-5
3.787324317623747E-5
3.836839601599478E-5
3.836277411082623E-5
3.8461199147133825E-5
3.8246481353927745E-5
3.825848475000909E-5
3.835663553518049E-5
3.843034776160742E-5
3.8392396817467904E-5
3.831659153209864E-5
3.84153740968542E-5
3.850578840552889E-5
3.877119078258137E-5
3.844170014268354E-5
3.826466464172727E-5
3.838680131624583E-5
3.811693232233162E-5
3.834467541524674E-5
3.834138916429447E-5
3.8091759296231946E-5
3.8075746623801E-5
3.798450137930671E-5
3.8381126828776245E-5
3.846869138697254E-5
3.838943187321106E-5
3.7878974058413096E-5
3.798149322030172E-5
3.8074989972889616E-5
3.807070585831575E-5
3.794830032960829E-5
3.77878987773516E-5
3.7816041967930235E-5
3.788269463572414E-5
3.75587555324441E-5
3.771614200218631E-5
3.7549021314814025E-5
3.7662573006793835E-5
3.769394667612746E-5
3.7823525849388285E-5
3.806470506306624E-5
3.812707036256497E-5
3.833590827035682E-5
3.830713863257207E-5
3.8344076975117345E-5
3.841917266649977E-5
3.857230724298535E-5
3.842234018863851E-5
3.867316453747959E-5
3.84718141624584E-5
3.861228323463455E-5
3.8592602455695424E-5
3.851125290488933E-5
3.838956029845314E-5
3.872394195550743E-5
3.838504629571232E-5
3.838784723165438E-5
3.8548920953524336E-5
3.851156826343595E-5
3.8624689215039906E-5
3.8687977615173104E-5
3.8594810237138325E-5
3.8444169787052486E-5
3.834975005983878E-5
3.820667397420121E-5
3.8091596115907645E-5
3.83255707532706E-5
3.8152950216708936E-5
3.7971595808637825E-5
3.8007263878116946E-5
3.755506608412775E-5
3.751557234655243E-5
3.77479492512714E-5
3.763115879471373E-5
3.780918967429167E-5
3.801646505722052E-5
3.8111565218026674E-5
3.8082181966199676E-5
3.7983426841419515E-5
3.84564343574979E-5
3.865955148253197E-5
3.875035331604613E-5
3.8912149198195285E-5
3.8877838411912617E-5
3.894856645498949E-5
3.8727275798119786E-5
3.8953541301676996E-5
3.894059642662816E-5
3.8898208340599966E-5
3.877580200561198E-5
3.912908134541531E-5
3.934658234777994E-5
3.941760961708706E-5
3.938171361643323E-5
3.91786911296069E-5
4.013067706548712E-5
4.005641842298007E-5
4.000768020663668E-5
4.051974171965852E-5
4.043793458015781E-5
4.048617754837807E-5
4.010755158139669E-5
4.013461059997717E-5
3.986094644870193E-5
3.98827187735434E-5
4.023575516656761E-5
3.991990694711564E-5
3.99137717608481E-5
4.0280385858757334E-5
4.0295373084631385E-5
4.038057594975664E-5
4.0152451822307634E-5
4.037386906534303E-5
4.022460161616465E-5
4.0321755895497E-5
4.0464908517140626E-5
4.040498194636901E-5
4.0446548326470646E-5
4.0585122166947835E-5
4.05372108726553E-5
4.051223052840572E-5
4.082353041172299E-5
4.067758649630804E-5
4.0703244092894944E-5
4.0529221907249504E-5
4.1226421925551024E-5
4.1838532417948076E-5
4.174923082013253E-5
4.1809983516332516E-5
4.1835742806320124E-5
4.167359267778745E-5
4.170892323208891E-5
4.156697137185315E-5
4.0999017296187735E-5
4.06290004967092E-5
4.067599544299926E-5
4.04984644386222E-5
4.094393314359104E-5
4.090532438202281E-5
4.061009238786487E-5
4.0441600329111286E-5
4.038688168936631E-5
4.0200710351537325E-5
4.0047898067458904E-5
4.009266080013815E-5
4.01215889392271E-5
4.0204161126673896E-5
3.9935076568734415E-5
3.998172391087353E-5
4.034400449204663E-5
4.027368737204694E-5
3.9995177022378194E-5
4.0088694751340645E-5
4.022030964315498E-5
4.036607998809181E-5
4.037866759168397E-5
3.996976047592919E-5
3.9853473385739184E-5
3.986780623147675E-5
3.962793273520349E-5
3.9502621349947957E-5
3.937518487434494E-5
3.940457303148847E-5
3.976480182311482E-5
3.970359925176739E-5
3.9701756757884945E-5
3.96118306349741E-5
3.9934842078662334E-5
3.990810604168405E-5
4.01727540944094E-5
4.0025070361399626E-5
3.9958458032296945E-5
4.001770471952891E-5
4.016907588605198E-5
4.043579664889279E-5
4.039923429293592E-5
4.044476893791242E-5
4.0541681228483214E-5
4.058911338299748E-5
4.073564941132547E-5
4.090365246526721E-5
4.1380467689969896E-5
4.139661228334901E-5
4.145042921895236E-5
4.133776534321641E-5
4.132626888515218E-5
4.136430488246269E-5
4.136506206588225E-5
4.1057943651336315E-5
4.116033427478839E-5
4.111604304648874E-5
4.0887760243474914E-5
4.073805870592872E-5
4.0676436573257E-5
4.0507967571456154E-5
4.036401093882584E-5
4.0274947705648666E-5
4.034210064431233E-5
4.022250525612115E-5
4.0437118007811245E-5
4.053461933278909E-5
4.037280370327612E-5
4.027876855453705E-5
4.062837424960229E-5
4.052620860705936E-5
4.068637721881504E-5
4.079879830189529E-5
4.09117574973703E-5
4.104888857131106E-5
4.095639834484672E-5
4.089264631813842E-5
4.114826483725724E-5
4.130683192623431E-5
4.1010340587320345E-5
4.154271761068495E-5
4.1602525073950315E-5
4.1281051162243245E-5
4.1095546932296794E-5
4.12368592774389E-5
4.133090363479821E-5
4.1956477304314395E-5
4.19079546597512E-5
4.2028694774278485E-5
4.167697743847472E-5
4.184300909638465E-5
4.15131260864937E-5
4.119659396471248E-5
4.100921367918242E-5
4.101115530220286E-5
4.088675687548134E-5
4.10087340838846E-5
4.107225721795139E-5
4.1197741566719346E-5
4.194546489244986E-5
4.200387894524509E-5
4.1957075184326346E-5
4.1759774607832146E-5
4.190493898489547E-5
4.1910925098180965E-5
4.196974300147774E-5
4.243629449155445E-5
4.243910155659779E-5
4.306352899556114E-5
4.320690345594759E-5
4.3525573224266164E-5
4.38335067213464E-5
4.398741900654911E-5
4.393651428658707E-5
4.410216066924744E-5
4.4208173657766316E-5
4.412914883324712E-5
4.4548879192429953E-5
4.43434348559346E-5
4.4242695653131E-5
4.3825273552419596E-5
4.442496036159481E-5
4.468277641174088E-5
4.476017927282792E-5
4.466350788672223E-5
4.4614368468654124E-5
4.469936372712302E-5
4.4674663940050995E-5
4.4607251811586104E-5
4.462334278029385E-5
4.472540233460084E-5
4.422509821128024E-5
4.450517386692506E-5
4.47238021232333E-5
4.494716161346039E-5
4.455495221374343E-5
4.430353086081092E-5
4.429634617079591E-5
4.4012171736319276E-5
4.3868541416390406E-5
4.3695355070073205E-5
4.396425649480365E-5
4.36899845130352E-5
4.391228879199795E-5
4.395461360196922E-5
4.394189694583846E-5
4.376834166435999E-5
4.364302944375262E-5
4.390460304916323E-5
4.4077030875721615E-5
4.387760428481272E-5
4.386085052181854E-5
4.3735031528112546E-5
4.334609449749173E-5
4.379368561597522E-5
4.436617123343915E-5
4.468615583929348E-5
4.4654935003547836E-5
4.439776258111245E-5
4.411624308899936E-5
4.4273546972565095E-5
4.444637714929622E-5
4.4542028379078785E-5
4.458425573450351E-5
4.4231005393413035E-5
4.384310912323578E-5
4.361016558247737E-5
4.4068950671038696E-5
4.4077475033518237E-5
4.415022988854227E-5
4.408677891491484E-5
4.4170214201101605E-5
4.3757574425135E-5
4.3575154338056626E-5
4.3676598458999804E-5
4.362374085840914E-5
4.35320934921204E-5
4.361646247860527E-5
4.357517415715768E-5
4.345163016573278E-5
4.299480199694236E-5
4.325207764778289E-5
4.3491218869637496E-5
4.37879684189008E-5
4.3857643948784E-5
4.417624123351548E-5
4.419764488289191E-5
4.376255686928468E-5
4.3573218101391844E-5
4.401716565729221E-5
4.420468323255534E-5
4.461157691660816E-5
4.473102294010034E-5
4.4770967936102594E-5
4.477808353686022E-5
4.4512670045227205E-5
4.4452470398365795E-5
4.5454585365968394E-5
4.543495099078268E-5
4.634350255573834E-5
4.62726953027767E-5
4.5929827310851655E-5
4.580651344468097E-5
4.5943657108294E-5
4.575209662527696E-5
4.583997530340363E-5
4.5749319748828785E-5
4.557189515526815E-5
4.527309304708231E-5
4.522866605014541E-5
4.531422583875676E-5
4.5362298635181603E-5
4.522202602922265E-5
4.544268482793605E-5
4.526102138123112E-5
4.5354006732515675E-5
4.502061350417299E-5
4.495513091379117E-5
4.447018935277569E-5
4.4368400705705283E-5
4.454381682398297E-5
4.476721742169079E-5
4.52009693149975E-5
4.54556382995301E-5
4.595016507294758E-5
4.576088157433943E-5
4.573971516123911E-5
4.586294012611681E-5
4.60925089378901E-5
4.568174442566911E-5
4.565993162893047E-5
4.588470983398838E-5
4.58502878818124E-5
4.575343281931632E-5
4.523815767969212E-5
4.4750036205022314E-5
4.4572789665127876E-5
4.4850327480202114E-5
4.4093196000134626E-5
4.417261526242758E-5
4.423254536052541E-5
4.428535077256016E-5
4.425101396964047E-5
4.410308993479966E-5
4.4360205543049014E-5
4.4315252533568755E-5
4.4612337299329484E-5
4.37710563948735E-5
4.385363193416994E-5
4.404808986924973E-5
4.4118129640580186E-5
4.371589732407554E-5
4.386909751410791E-5
4.397154440180839E-5
4.399594078745313E-5
4.38809914910117E-5
4.470089170533454E-5
4.438812223198247E-5
4.48996117137038E-5
4.566201533683406E-5
4.53996790763328E-5
4.506419719097428E-5
4.502271494770751E-5
4.50101963050811E-5
4.503876659108775E-5
4.559816800551615E-5
4.507051425204763E-5
4.483193771753857E-5
4.490090245622343E-5
4.780488510092303E-5
4.790554968497535E-5
4.783151442761466E-5
4.7621265975408903E-5
4.713568958562278E-5
4.734262140449041E-5
4.732147946658485E-5
4.7132437639673675E-5
4.730607249655222E-5
4.755566506868791E-5
4.744540688604275E-5
4.7678760227260775E-5
4.7939067965929816E-5
4.802789574789621E-5
4.7384918800408165E-5
4.703744902635769E-5
4.7007385978231865E-5
4.7123940620903205E-5
4.663938142038384E-5
4.6831398271567384E-5
4.677551448101856E-5
4.680805473027994E-5
4.670379568381042E-5
4.6770292398914754E-5
4.680021332881979E-5
4.6656987752848354E-5
4.682859023741251E-5
4.693801341609903E-5
4.732646115443262E-5
4.6953237525744966E-5
4.701205011196208E-5
4.7116357711514504E-5
4.726516072802964E-5
4.655362677105796E-5
4.6639969276704104E-5
4.637821221731595E-5
4.624876655917389E-5
4.6101943382858795E-5
4.6107837435533385E-5
4.636200833626034E-5
4.652683282845471E-5
4.6369031387698494E-5
4.635564995218009E-5
4.6295402481215344E-5
4.666861700905385E-5
4.693251104805181E-5
4.706601385193912E-5
4.709771199308527E-5
4.667738546469212E-5
4.697828682182028E-5
4.69936146665569E-5
4.6953955302137975E-5
4.712132126602813E-5
4.709136533246181E-5
4.7323175842225635E-5
4.677565105199917E-5
4.6785894151518316E-5
4.671549626007573E-5
4.665404490628686E-5
4.6476163121196835E-5
4.6276563885181335E-5
4.632912765812353E-5
4.66172121350955E-5
4.682994492391935E-5
4.724662296521287E-5
4.7116210771459694E-5
4.692074373951692E-5
4.658568575280623E-5
4.667707862303453E-5
4.629964729382086E-5
4.6553422413242886E-5
4.6483213542452664E-5
4.628884678529095E-5
4.629283226054334E-5
4.63667361497325E-5
4.625222977817636E-5
4.629513257145641E-5
4.589664535050711E-5
4.582124925631405E-5
4.57621403069548E-5
4.5545527053015874E-5
4.5857265194940374E-5
4.5638131738891455E-5
4.54957389198272E-5
4.551316785066884E-5
4.532941292495838E-5
4.548132709238743E-5
4.4850310308242514E-5
4.479211188574501E-5
4.492369138358078E-5
4.528674641714849E-5
4.5627728107078565E-5
4.5439288899348654E-5
4.532794883099275E-5
4.5358734636590616E-5
4.550146164700455E-5
4.549218981169953E-5
4.567032597243361E-5
4.563330880937822E-5
4.605938150388112E-5
4.615709499506507E-5
4.593657006729625E-5
4.6220780688873764E-5
4.633363600180486E-5
4.6226429471608004E-5
4.622964103721713E-5
4.623322838208862E-5
4.6258337936054665E-5
4.6293394722487964E-5
4.613196621605496E-5
4.675135023026598E-5
4.684042204442721E-5
4.6917560156554684E-5
4.6635329746616476E-5
4.6530951712550785E-5
4.606514236859317E-5
4.636479581616928E-5
4.644752832478667E-5
4.640392044070022E-5
4.626630945336978E-5
4.6363178433671975E-5
4.616160194005142E-5
4.597816082419222E-5
4.604462946284939E-5
4.664975048804121E-5
4.664435953188678E-5
4.6705746818500786E-5
4.6842977586698844E-5
4.699653692445716E-5
4.690870742720699E-5
4.694160235845691E-5
4.659370468471451E-5
4.64738641156404E-5
4.648535979148907E-5
4.627263106755227E-5
4.630430015752185E-5
4.610410037414173E-5
4.584139337609522E-5
4.58958267222957E-5
4.579220418755625E-5
4.564992266035414E-5
4.5535945853465195E-5
4.536420394687818E-5
4.502515303360643E-5
4.5232810540057466E-5
4.5197574193572336E-5
4.5038289949309684E-5
4.477258409505195E-5
4.497756487822237E-5
4.506432124035964E-5
4.493801525633762E-5
4.477196547158179E-5
4.471759606635645E-5
4.487978421102715E-5
4.488463148239506E-5
4.4775746867908194E-5
4.497613655901353E-5
4.548419108074992E-5
4.551855764120816E-5
4.5796390231066624E-5
4.574452546495386E-5
4.597995696000117E-5
4.590773667061991E-5
4.59220381740126E-5
4.532986832048451E-5
4.523849202688932E-5
4.5673114076112314E-5
4.5801380340996854E-5
4.5484754374379994E-5
4.506611129029786E-5
4.499493592370498E-5
4.5104369405670624E-5
4.483505140514819E-5
4.463538360714176E-5
4.462887220453663E-5
4.45480214921658E-5
4.415241367838452E-5
4.423431674926861E-5
4.4437376774132145E-5
4.4521405395324436E-5
4.442813396527579E-5
4.442300855264401E-5
4.426163414547057E-5
4.4203301517413125E-5
4.4373053556804686E-5
4.43466263705963E-5
4.425376198547228E-5
4.4262293023898566E-5
4.433422044555912E-5
4.470168681498018E-5
4.48196183216859E-5
4.508047811115207E-5
4.5173979367657145E-5
4.5211434886962404E-5
4.512577977574967E-5
4.5294464078311814E-5
4.554095446129554E-5
4.541294150183524E-5
4.598812185193576E-5
4.582384653065287E-5
4.557029073549946E-5
4.559565798661269E-5
4.576823585843E-5
4.546964182578778E-5
4.5740726634469526E-5
4.586129013456828E-5
4.606969072362762E-5
4.610857706246604E-5
4.566063121686833E-5
4.575862121880629E-5
4.597243422467853E-5
4.61654972336414E-5
4.587808628981146E-5
4.610580154945849E-5
4.612632298043552E-5
4.638893530929049E-5
4.612088980060871E-5
4.5892853571002684E-5
4.577627107574331E-5
4.6089303757126066E-5
4.591468281897847E-5
4.5710620041475995E-5
4.586996577918483E-5
4.592795152648204E-5
4.58887173692768E-5
4.616447919535621E-5
4.569985755399028E-5
4.587539713039536E-5
4.614072638484567E-5
4.622694385399779E-5
4.575948849715848E-5
4.558671086959122E-5
4.550105552742328E-5
4.5509245618931946E-5
4.5946741541134314E-5
4.602066183485915E-5
4.5918964688065626E-5
4.6578283642001414E-5
4.6817618083100566E-5
4.699929054546356E-5
4.682642467850468E-5
4.653608782955769E-5
4.6814056189640874E-5
4.657434512955727E-5
4.658732158470839E-5
4.692363702724138E-5
4.711974534877424E-5
4.7352903104900484E-5
4.7259266546784166E-5
4.7177967571167324E-5
4.7197517245683536E-5
4.693105053286541E-5
4.67422939556753E-5
4.710515226004183E-5
4.707230768596759E-5
4.667310314131571E-5
4.679107348031082E-5
4.69543366614552E-5
4.6891377125712795E-5
4.7038686283802654E-5
4.711025015713091E-5
4.742859113305449E-5
4.729628830733265E-5
4.790687844045631E-5
4.778065191968475E-5
4.7999700215874736E-5
4.8013375456076205E-5
4.797473756068241E-5
4.7939026857426307E-5
4.793240466714382E-5
4.768999997358745E-5
4.7706910608011196E-5
4.775100315247501E-5
4.7541184556501494E-5
4.716427356268268E-5
4.7039904416588565E-5
4.717616666409981E-5
4.7104583175342335E-5
4.720455703729707E-5
4.7288971604077655E-5
4.7350470178870724E-5
4.723331975088552E-5
4.740690435884062E-5
4.726403074693791E-5
4.71222779332558E-5
4.6651411606869436E-5
4.6486004212560654E-5
4.659808769129424E-5
4.677117121645742E-5
4.645462244938628E-5
4.6446196801286715E-5
4.652862443432418E-5
4.6620252270918596E-5
4.667486299647693E-5
4.6633036847724096E-5
4.720779465261552E-5
4.6934936510613946E-5
4.7018653697102575E-5
4.694434531698632E-5
4.710064403738312E-5
4.6966752186327564E-5
4.7026907838819616E-5
4.690254658453263E-5
4.71200267647778E-5
4.7157473195007994E-5
4.760351654899648E-5
4.726849549512974E-5
4.742862823283986E-5
4.7348531885803957E-5
4.74180838851107E-5
4.731586350080696E-5
4.720032445259815E-5
4.688474454575004E-5
4.684937137679873E-5
4.687479114826587E-5
4.694365712361086E-5
4.6775717907632645E-5
4.6852472524234006E-5
4.646470565788378E-5
4.6956455195934164E-5
4.7231252204170216E-5
4.704401963651053E-5
4.660738126891514E-5
4.674384310828421E-5
4.6550595132550696E-5
4.684496516444991E-5
4.710679297487403E-5
4.73442585501125E-5
4.75939462349586E-5
4.7349516175727666E-5
4.723579015698037E-5
4.730690920869058E-5
4.789693268001791E-5
4.7955519306173344E-5
4.797352850672469E-5
4.780957072001626E-5
4.803648945698277E-5
4.8074079825386414E-5
4.8120600149483434E-5
4.8154134410234055E-5
4.8096694247591396E-5
4.843367774429974E-5
4.791520198764204E-5
4.777359543545197E-5
4.770387842132187E-5
4.75404663601936E-5
4.740514530199774E-5
4.73356774300744E-5
4.7285607719059096E-5
4.697292528083054E-5
4.653001619396473E-5
4.6983041417537816E-5
4.702805325655041E-5
4.693989421989852E-5
4.6789203376116365E-5
4.687464657147727E-5
4.684890133290936E-5
4.6923213160619084E-5
4.675950585063738E-5
4.675639183647565E-5
4.660897118207363E-5
4.681094765516295E-5
4.7315012076797085E-5
4.725759974662168E-5
4.706332778131629E-5
4.7248059841945844E-5
4.707486271762217E-5
4.7353039365352556E-5
4.7237648035375594E-5
4.693859914270976E-5
4.6921558439371114E-5
4.6444896913271346E-5
4.66822438113919E-5
4.678951353275133E-5
4.695257990081419E-5
4.687407256809877E-5
4.688409505631826E-5
4.6864658637561486E-5
4.691491423853718E-5
4.677181807899935E-5
4.6859786115901487E-5
4.730033882146965E-5
4.7156953653059245E-5
4.7108948806581795E-5
4.691064593401051E-5
4.65008176754929E-5
4.651316235294576E-5
4.650432169327E-5
4.606002085249429E-5
4.6141258720899194E-5
4.584243477226829E-5
4.543493871457523E-5
4.499037046814175E-5
4.462126553589333E-5
4.4436778246795356E-5
4.410415420448462E-5
4.415029772346543E-5
4.390981348756394E-5
4.386234278909119E-5
4.362513206653699E-5
4.36260523932542E-5
4.339091061859576E-5
4.306455745386636E-5
4.3085426121098705E-5
4.3207287628949346E-5
4.3443698653489585E-5
4.29781318058785E-5
4.2944473102822334E-5
4.29019811384656E-5
4.334050218880345E-5
4.354441339385156E-5
4.347054921729025E-5
4.355081668453111E-5
4.3273556834900045E-5
4.307109244495941E-5
4.290934447796735E-5
4.2796334787422294E-5
4.279540577158255E-5
4.249015269141167E-5
4.2638029953368095E-5
4.282654689731721E-5
4.263425383711932E-5
4.308016791134424E-5
4.332084910146925E-5
4.335205344483038E-5
4.342245654110738E-5
4.3531520573044504E-5
4.34870018063774E-5
4.335800073800537E-5
4.329157577166969E-5
4.318774706123021E-5
4.3006055003838786E-5
4.278559719459195E-5
4.277528251227606E-5
4.273467427424847E-5
4.288842361529627E-5
4.29938401083042E-5
4.2958931412145976E-5
4.3145754095905424E-5
4.305025627209559E-5
4.304361527287498E-5
4.3019186284172566E-5
4.2928278681769E-5
4.3113685921806006E-5
4.302004801009037E-5
4.3100686497907787E-5
4.266420597305203E-5
4.2671836877971184E-5
4.270479746603058E-5
4.297080438106382E-5
4.326605579817127E-5
4.322596996325099E-5
4.318811233123598E-5
4.321874775330202E-5
4.3157495376159886E-5
4.327905521615923E-5
4.325093627006562E-5
4.2971405895835354E-5
4.2886233455196515E-5
4.267620230845458E-5
4.254840429846924E-5
4.271225126643482E-5
4.289059585855516E-5
4.266140741706104E-5
4.248956435199176E-5
4.222105270065913E-5
4.226120851233503E-5
4.2292861541127205E-5
4.224399848650665E-5
4.227831103002288E-5
4.25234880659662E-5
4.276443097238162E-5
4.3075461280294665E-5
4.318229621557303E-5
4.305681401947554E-5
4.2983544683755156E-5
4.2892350373200094E-5
4.273203585139833E-5
4.2457165940845446E-5
4.295186973287646E-5
4.312541076683991E-5
4.2933227837165784E-5
4.296210629273053E-5
4.277386601691364E-5
4.269803479222806E-5
4.300995650195391E-5
4.292989823059241E-5
4.2773727205539925E-5
4.2638345958480546E-5
4.262655238081893E-5
4.2572507402666126E-5
4.265670050484086E-5
4.3003673533670536E-5
4.288427103809197E-5
4.307097318806929E-5
4.305021356264277E-5
4.303764933296977E-5
4.2948702998700644E-5
4.323655814203262E-5
4.363156071356541E-5
4.3889023186594205E-5
4.397084642755404E-5
4.39325087510429E-5
4.410496254574968E-5
4.419715695696612E-5
4.417765372926165E-5
4.407581692621824E-5
4.3881236899746255E-5
4.3989897065092174E-5
4.415764620776975E-5
4.4146328117919446E-5
4.382370930953238E-5
4.391045416220585E-5
4.376541906418369E-5
4.396230534868311E-5
4.4188480711897396E-5
4.357791175582661E-5
4.33240134369825E-5
4.335023617067523E-5
4.3499111791344124E-5
4.37118088267527E-5
4.385453429709026E-5
4.396555562586638E-5
4.455606375616867E-5
4.4507204182925666E-5
4.466140789846603E-5
4.4605117242490656E-5
4.500416764856314E-5
4.4976260669517294E-5
4.5405761131489415E-5
4.526356003641185E-5
4.5119339888403825E-5
4.516619972274058E-5
4.515016973705078E-5
4.478601090800045E-5
4.46036123873487E-5
4.4377978296173467E-5
4.435482408455736E-5
4.454040052666347E-5
4.434183323858289E-5
4.4618492923499414E-5
4.497661115125886E-5
4.516046812585552E-5
4.547629911195529E-5
4.524539388606814E-5
4.518341000149607E-5
4.4992366863496605E-5
4.4750874234570895E-5
4.471405701300649E-5
4.4786203591562264E-5
4.447520546840204E-5
4.4935330969649517E-5
4.484213438398111E-5
4.489225000387215E-5
4.4763932431191684E-5
4.504506326023111E-5
4.4918780607371995E-5
4.5144404200344426E-5
4.4968970753319465E-5
4.4902770544623047E-5
4.5010862113004165E-5
4.527303743624526E-5
4.545919227628119E-5
4.540568225774712E-5
4.529284313589409E-5
4.5356362513230376E-5
4.5743727075119274E-5
4.6032300051943594E-5
4.591741306483593E-5
4.54497189969427E-5
4.595061988253139E-5
4.602169281873213E-5
4.61053706237881E-5
4.591732488098929E-5
4.57636989109899E-5
4.5841403114582246E-5
4.582914965126401E-5
4.589213828472752E-5
4.572082978670939E-5
4.55799322694858E-5
4.564585009471079E-5
4.5648724528162943E-5
4.5842904453057824E-5
4.565703194341881E-5
4.5329348500518116E-5
4.574952875892682E-5
4.5846310206136814E-5
4.6158659759467816E-5
4.603100404971709E-5
4.590539807170277E-5
4.5813706990296544E-5
4.5888020585713755E-5
4.609739145177092E-5
4.632105205098608E-5
4.616265403779855E-5
4.641650469075538E-5
4.6476436147713736E-5
4.6454129919816624E-5
4.643861552107948E-5
4.6734348933301534E-5
4.668246798600145E-5
4.683264470071939E-5
4.694392865986703E-5
4.6988397535078937E-5
4.695615447848618E-5
4.696691149096927E-5
4.7300406577326085E-5
4.6990015258027754E-5
4.74402808229886E-5
4.777646157220394E-5
4.7527258315136216E-5
4.7442800926794136E-5
4.73985293400896E-5
4.7734451384370806E-5
4.7286491277473754E-5
4.732623091752029E-5
4.7251216067858564E-5
4.751225529259757E-5
4.759834304132029E-5
4.7189026867261235E-5
4.6953547896272225E-5
4.6568035981818265E-5
4.6603372185947806E-5
4.6711349926111024E-5
4.6747268423145613E-5
4.6666186809024165E-5
4.69626333201822E-5
4.66706292087612E-5
4.638621555207135E-5
4.632804441495801E-5
4.64480175035833E-5
4.6196918789708706E-5
4.601492027415517E-5
4.633621470320346E-5
4.625843653364292E-5
4.623808969312324E-5
4.610587252542074E-5
4.590662296454199E-5
4.6597232643075595E-5
4.645115859537968E-5
4.6233494566428456E-5
4.6310050198938514E-5
4.649611466825798E-5
4.632093220816019E-5
4.582066835763324E-5
4.5901640357445184E-5
4.565197836481018E-5
4.620171437323997E-5
4.587124251006502E-5
4.6452613695918324E-5
4.637740965655078E-5
4.6034225950303295E-5
4.5708801283026574E-5
4.579631680774351E-5
4.5624228238163336E-5
4.580137328791885E-5
4.59616468457129E-5
4.5883026015113675E-5
4.578903077174928E-5
4.561721581543477E-5
4.5411974311941025E-5
4.5458628632538735E-5
4.540770813364127E-5
4.534257244681606E-5
4.566188148785383E-5
4.5655165265512005E-5
4.529794768132913E-5
4.507059392871381E-5
4.47933370373895E-5
4.480992613314473E-5
4.4754142136048684E-5
4.525560092063921E-5
4.4796961669166564E-5
4.4892879155530503E-5
4.505057220585326E-5
4.480898815024161E-5
4.474358624000829E-5
4.492598438333883E-5
4.479106109132332E-5
4.442640848195765E-5
4.4713005350840034E-5
4.445772528125382E-5
4.4627665322981703E-5
4.433253165402633E-5
4.461543515223173E-5
4.45914244214453E-5
4.4890499639378474E-5
4.479679419568204E-5
4.465461004320354E-5
4.460791357008097E-5
4.469417628093301E-5
4.415647511557471E-5
4.4273538615280646E-5
4.478618128929361E-5
4.47144845946304E-5
4.4853087400132906E-5
4.473849884478746E-5
4.477661597916811E-5
4.465642364220482E-5
4.4924375884438096E-5
4.5131443955208464E-5
4.483231742728784E-5
4.502549041121368E-5
4.523960829692504E-5
4.5127681181167655E-5
4.526144902987102E-5
4.554402922847686E-5
4.553424239679579E-5
4.543565899131627E-5
4.527092527054931E-5
4.5456365359973415E-5
4.560008403788168E-5
4.559187159777858E-5
4.57857989202172E-5
4.566662941412735E-5
4.528752725866151E-5
4.553290491596587E-5
4.5500600953869256E-5
4.5561085136023685E-5
4.553416888274454E-5
4.570049549295683E-5
4.542461191041354E-5
4.544988700052439E-5
4.561059781324846E-5
4.557860023357317E-5
4.551983875905294E-5
4.562056775923116E-5
4.553474315991436E-5
4.554428991731732E-5
4.536663176443285E-5
4.560000926368539E-5
4.560419769546469E-5
4.5605592114977866E-5
4.549350989740655E-5
4.602549336329844E-5
4.5970567133914126E-5
4.6181694851821295E-5
4.6302608784519796E-5
4.618933087458048E-5
4.617114825287005E-5
4.6202580107879135E-5
4.633178867272539E-5
4.619445973701042E-5
4.636497936678926E-5
4.663387579786901E-5
4.6934248773037694E-5
4.6881019465339185E-5
4.679369088993151E-5
4.693373047886722E-5
4.6952804554015174E-5
4.711257768722013E-5
4.701803333393033E-5
4.691443068700786E-5
4.7617872038745917E-5
4.785069492746789E-5
4.773188822288609E-5
4.769522073090479E-5
4.764502080028908E-5
4.7411390710763185E-5
4.753524078307957E-5
4.723970709977262E-5
4.7467271463934676E-5
4.787339252536824E-5
4.843346515001709E-5
4.8272177989129553E-5
4.873979267500105E-5
4.8900981193198294E-5
4.9033590177398E-5
4.923120279939307E-5
4.9566953600177785E-5
4.961154475416628E-5
4.880789273691912E-5
4.8627790816919545E-5
4.869303495543063E-5
4.8369624073330106E-5
4.8591045172410195E-5
4.8499711713826055E-5
4.822956596888376E-5
4.839458719636638E-5
4.8411919214145374E-5
4.7869160455712484E-5
4.796429465433079E-5
4.800900059587965E-5
4.814419247105921E-5
4.874651242300746E-5
4.946270040439246E-5
4.958100323711598E-5
4.9571243753415215E-5
4.9616807615421784E-5
4.973419095910519E-5
4.9812787672069066E-5
4.95893564057594E-5
4.969861667887478E-5
4.92842961744624E-5
4.9530282817768135E-5
4.944476503433281E-5
4.931834945290563E-5
4.937077042698266E-5
4.9317696907777034E-5
4.948529024320778E-5
4.955307566130553E-5
4.963430460238809E-5
4.961726623713738E-5
4.9714533179250905E-5
5.0348445631640584E-5
5.031527029180409E-5
5.000847593703565E-5
5.003782368334828E-5
5.008774781983176E-5
5.0412772966575666E-5
5.037933083332278E-5
5.038356453232856E-5
5.0294705682537684E-5
5.023199641467304E-5
5.007509575547554E-5
5.022177403649664E-5
4.9853811369065446E-5
4.973427370318304E-5
4.9710514582143033E-5
4.9888817633026904E-5
5.025765023496991E-5
5.019646980932112E-5
5.0313097663551384E-5
5.039710227123779E-5
4.99714704682767E-5
5.0210448027117313E-5
5.0195335522460485E-5
5.039941367771496E-5
5.055016727033967E-5
5.0666980155133014E-5
5.062139926704228E-5
5.019554634303045E-5
5.0081170386345567E-5
5.0036241796337794E-5
5.0090949289433095E-5
4.983735627631281E-5
4.986839550153745E-5
4.9487582138315237E-5
4.947318978355112E-5
4.973757390423304E-5
4.985398262274596E-5
4.961781845653837E-5
4.936270373886416E-5
4.907443374028166E-5
4.9028265257033805E-5
4.920438418771683E-5
4.928391998217461E-5
4.940370430549731E-5
4.879912944306728E-5
4.915265942081154E-5
4.893318029350834E-5
4.9123806064633156E-5
4.867356792731622E-5
4.893178448792497E-5
4.855143958946586E-5
4.926302739107262E-5
4.941960271360408E-5
4.911444800343183E-5
4.8943658797637606E-5
4.886444130323085E-5
4.8882447908155184E-5
4.9009128473792366E-5
4.892276967934014E-5
4.913705635497494E-5
4.905207202316116E-5
4.9044830880861834E-5
4.891380691850107E-5
4.892286968074255E-5
4.8874640946699266E-5
4.860140095357658E-5
4.880721864255121E-5
4.928926778833E-5
4.9223831323143746E-5
4.932008635251467E-5
4.931542108019281E-5
4.9032284730026E-5
4.89004087451219E-5
4.896343077332014E-5
4.90803635553814E-5
4.908868488223613E-5
4.950181586376475E-5
4.962453913611624E-5
4.974835249639035E-5
4.9855433714733544E-5
4.9823928888073854E-5
4.948557631228766E-5
4.8774832539118026E-5
4.847440245972465E-5
4.8229412331564504E-5
4.838832704040216E-5
4.837778874394025E-5
4.81511549730161E-5
4.807555482117388E-5
4.815001493964892E-5
4.7763809921815795E-5
4.791422321536808E-5
4.798686472112335E-5
4.8144634865319446E-5
4.848795896568793E-5
4.848425866101813E-5
4.847061417173427E-5
4.829339296086792E-5
4.817502725460617E-5
4.840120969443283E-5
4.830995709877277E-5
4.825228691805743E-5
4.821392539600795E-5
4.792468530956794E-5
4.8598458135954986E-5
4.862926328960705E-5
4.863112820334739E-5
4.9017381425833614E-5
4.81544706754635E-5
4.808525040584393E-5
4.7923961219445356E-5
4.816420677995797E-5
4.842918337725354E-5
4.7838335677157E-5
4.773324521323932E-5
4.80021359884477E-5
4.832214769395046E-5
4.844771317152242E-5
4.84815359807587E-5
4.849445110199507E-5
4.896389735386954E-5
4.8755357238409485E-5
4.875450412296584E-5
4.908813991782792E-5
4.8768231335950516E-5
4.860156603090453E-5
4.8535120283401256E-5
4.887012324570212E-5
4.926632489838747E-5
4.883473628989254E-5
4.8502768164199104E-5
4.837446505610678E-5
4.8653777007979784E-5
4.834929195339797E-5
4.8171645921837836E-5
4.816332215897132E-5
4.8181695041079444E-5
4.823575921561775E-5
4.863862966931011E-5
4.820870915041668E-5
4.812980168084634E-5
4.789034046051017E-5
4.8277887920951654E-5
4.6930553475323386E-5
4.701189027583959E-5
4.708839907769503E-5
4.7230751068215806E-5
4.7133903186650826E-5
4.6773099421105145E-5
4.715592008073634E-5
4.7758762559432224E-5
4.788582366582569E-5
4.82045035644591E-5
4.813599096314114E-5
4.8174336057016866E-5
4.795226657284637E-5
4.80436855561033E-5
4.840055275754092E-5
4.8705574928112586E-5
4.8544746619800634E-5
4.8487921079843505E-5
4.8181146656796474E-5
4.79188173132566E-5
4.7939462234053316E-5
4.788312272706581E-5
4.757708031961195E-5
4.7384487823939025E-5
4.758380406623768E-5
4.733665710489737E-5
4.756219594075419E-5
4.740025974933538E-5
4.7180380806238375E-5
4.744022633690745E-5
4.7717848536755574E-5
4.730759468827852E-5
4.714923581677671E-5
4.7237206562679134E-5
4.7684514276712686E-5
4.740963389453113E-5
4.741883505673107E-5
4.7177167726386795E-5
4.8164775631852326E-5
4.807232818407443E-5
4.7844703976549124E-5
4.816910745119397E-5
4.8148605436428226E-5
4.8339955027093106E-5
4.8743477885420374E-5
4.8625619166095723E-5
4.82397079602986E-5
4.8377046493445244E-5
4.83480457430282E-5
4.874520590439376E-5
4.834450692509731E-5
4.877672886768853E-5
4.7981072645730516E-5
4.852820268165503E-5
4.90155131287329E-5
4.8890358340242E-5
4.912828466433784E-5
4.8704691673688044E-5
4.832820575931763E-5
4.8522995609086494E-5
4.838713175435251E-5
4.7832021047112436E-5
4.758884136315979E-5
4.734630797606926E-5
4.744751980118519E-5
4.747027123615302E-5
4.73881961629016E-5
4.6979125268876895E-5
4.693132517493303E-5
4.718292663377786E-5
4.6345922152887204E-5
4.636955820593074E-5
4.656943623211738E-5
4.613570588341452E-5
4.6020664750173225E-5
4.599908684373887E-5
4.6217877961401715E-5
4.615160804261314E-5
4.622639398951558E-5
4.634908068591507E-5
4.646481021886892E-5
4.660521266820491E-5
4.656918318964066E-5
4.636304388762659E-5
4.657080947655943E-5
4.652388572715601E-5
4.6704317697347297E-5
4.654217795742371E-5
4.6360082891927775E-5
4.573160235210197E-5
4.553328312070356E-5
4.538812369791132E-5
4.51382105540249E-5
4.480556574005774E-5
4.4848979141884564E-5
4.492213000974778E-5
4.482432405734832E-5
4.5111428490457596E-5
4.480896721786754E-5
4.478283835167427E-5
4.4677861412781566E-5
4.44631189491056E-5
4.4558500163354035E-5
4.4632094434533194E-5
4.458015408497733E-5
4.422998292689343E-5
4.432350944873835E-5
4.426353444794164E-5
4.404260989627362E-5
4.3991703375672566E-5
4.40814210960267E-5
4.387154809898307E-5
4.407479220110587E-5
4.386903182825177E-5
4.39935046134917E-5
4.4158907068816766E-5
4.4209933154639466E-5
4.4031111888176776E-5
4.4094081135682545E-5
4.416607632447717E-5
4.4389503724081155E-5
4.4117432608098295E-5
4.4329445260790514E-5
4.466099575783518E-5
4.461712521079544E-5
4.464009834597268E-5
4.506423734680735E-5
4.522264497433727E-5
4.536720322227574E-5
4.5393839786950094E-5
4.507108399485637E-5
4.4988835378481407E-5
4.51488738702033E-5
4.51644286150177E-5
4.543174915832938E-5
4.531839305048091E-5
4.545179910629689E-5
4.548487147498462E-5
4.533772130293853E-5
4.54202547653815E-5
4.5661373643714305E-5
4.5970678282025E-5
4.570911317996375E-5
4.5560176104029435E-5
4.565286215602819E-5
4.6055076887168634E-5
4.616485197883517E-5
4.6717403281595374E-5
4.697383887160971E-5
4.670000143764745E-5
4.649542157820616E-5
4.647415071177704E-5
4.630578340904506E-5
4.6401620118972474E-5
4.640653194089982E-5
4.5771044317789726E-5
4.609333017127254E-5
4.5942950429133136E-5
4.5900571823460006E-5
4.582898037783078E-5
4.6154684630116907E-5
4.602975571863821E-5
4.613843201246741E-5
4.607626263743647E-5
4.64672502484208E-5
4.6524491098687734E-5
4.6638712614062895E-5
4.641836328401119E-5
4.6127920547543365E-5
4.568197250253932E-5
4.5277043656264036E-5
4.504037748252959E-5
4.5559381470559136E-5
4.5649950883221144E-5
4.557332664603897E-5
4.5771020910155795E-5
4.616193073098347E-5
4.632339394269022E-5
4.6520389734510223E-5
4.626333322752194E-5
4.6482377257258276E-5
4.649715057719272E-5
4.624970672597408E-5
4.597366414013355E-5
4.6418798873886844E-5
4.616206323959919E-5
4.6265128430018084E-5
4.6486288018134795E-5
4.675424422621541E-5
4.608517418081125E-5
4.6255546445399696E-5
4.583825969181252E-5
4.566583837670363E-5
4.573206380536895E-5
4.584500896391689E-5
4.588022250707688E-5
4.5636375045045545E-5
4.588105769183424E-5
4.6007645194877995E-5
4.607020174115146E-5
4.6388997199190285E-5
4.65145824062339E-5
4.6933454482236316E-5
4.6822007333101276E-5
4.6713199332842704E-5
4.7314509492102094E-5
4.755575687520481E-5
4.7596997479304324E-5
4.7669115730964776E-5
4.8169732467562094E-5
4.785989678664705E-5
4.7950328292612374E-5
4.7927385999999295E-5
4.801506031393036E-5
4.7970747937401774E-5
4.806761156685575E-5
4.7778148596429265E-5
4.779244109573324E-5
4.790977326070229E-5
4.822735246622583E-5
4.758502506287882E-5
4.7302783337847775E-5
4.78444977152419E-5
4.795917090498335E-5
4.7827638219056164E-5
4.83524357138354E-5
4.870342521271503E-5
4.880839237992943E-5
4.866160858352398E-5
4.8890817407389105E-5
4.888032585719468E-5
4.8955597575864376E-5
4.856595780130703E-5
4.877036420691091E-5
4.850012080770103E-5
4.8630420675920836E-5
4.871083861909737E-5
4.86460808359641E-5
4.903237212673368E-5
4.9265589088883065E-5
4.952810793716565E-5
4.970470257176582E-5
4.9938288148777397E-5
5.019791144450999E-5
5.0091707206723045E-5
5.004264088211027E-5
5.024293721476356E-5
5.01902946916225E-5
4.95551244129136E-5
4.9711012254118976E-5
4.975163536411864E-5
4.9742484315220645E-5
4.976563185234149E-5
4.999879321842833E-5
4.986160553910915E-5
5.014767540628387E-5
5.0094603715495074E-5
4.9695643496180486E-5
4.975799481011945E-5
4.995331680045206E-5
4.974461821377419E-5
5.020905326123449E-5
5.002848570242206E-5
5.025636510030714E-5
5.065932520265844E-5
5.055061606989311E-5
5.0861079234554715E-5
5.061016828997989E-5
5.05406466357734E-5
5.0328668944395126E-5
5.085553925509831E-5
5.1104227115191566E-5
5.124400587176131E-5
5.086114706043653E-5
5.086731734771217E-5
5.0356203250323314E-5
4.8975394592992475E-5
4.88466715091874E-5
4.891846326274494E-5
4.89411033662324E-5
4.869880630260893E-5
4.897956170520948E-5
4.93176924913345E-5
4.9530290144590294E-5
4.9955557291504805E-5
5.012471007553474E-5
5.079045846122936E-5
5.098365785468818E-5
5.0887004754401356E-5
5.0970254847604054E-5
5.106196302916182E-5
5.123938246411926E-5
5.089181064569361E-5
5.075839508453416E-5
5.0955005361055454E-5
5.046472386712448E-5
5.049088489623442E-5
5.0827529394176594E-5
5.057539862429642E-5
5.0486498887722004E-5
5.0156807314511776E-5
5.0064992177792406E-5
4.991259403749986E-5
5.002950458699768E-5
4.963302510455238E-5
4.9443236685882604E-5
4.937327499999714E-5
4.919697466628204E-5
4.904880528677823E-5
4.910830305681441E-5
4.898077816972981E-5
4.892250374190219E-5
4.9069094937638155E-5
4.9109246996183875E-5
4.9011404099937806E-5
4.952161364131738E-5
4.9390533331293266E-5
4.8882490945626035E-5
4.8987814418595494E-5
4.903195037128832E-5
4.899361762572671E-5
4.911521936027293E-5
4.8930848122328295E-5
4.875018238205065E-5
4.898297034536949E-5
4.966166926530279E-5
4.924519600200881E-5
4.8825321718069646E-5
4.8933710207782037E-5
4.92269431805526E-5
5.003010831185569E-5
4.983531133996424E-5
4.9634272297552954E-5
4.9448942263435244E-5
4.91918914683369E-5
4.9172313110200923E-5
4.9352029014380956E-5
4.9207850751922244E-5
4.9093577981301545E-5
4.9203189449065074E-5
4.907001958464234E-5
4.910250647899328E-5
4.979007526961554E-5
4.970783895577942E-5
4.98651919265746E-5
5.008470964904985E-5
5.0260077381870995E-5
5.025712836276751E-5
5.040887185357158E-5
5.0626010580770715E-5
5.0440143948375767E-5
5.025257118263315E-5
5.0292366871268695E-5
5.0022879854596715E-5
4.982858394458121E-5
5.0270752036540576E-5
5.056401141452949E-5
5.058086045871853E-5
5.058218087970166E-5
5.052343420170244E-5
5.0538892754008614E-5
5.07597997122453E-5
5.062933810005379E-5
5.047797988205632E-5
5.034525341051663E-5
5.0207418825783316E-5
5.0139328516749945E-5
5.013480283289986E-5
5.003080847517285E-5
4.951414352323718E-5
4.950907895192094E-5
4.930073979876884E-5
4.943590809850726E-5
4.961342315179738E-5
4.954649812512978E-5
4.946917857419229E-5
4.8925617521499996E-5
4.8816096861096206E-5
4.8254174090785315E-5
4.81917067090749E-5
4.836685558146988E-5
4.864799457398328E-5
4.842633039011444E-5
4.8449633697636605E-5
4.858278710823066E-5
4.838172971288049E-5
4.8090376929432215E-5
4.8205008837345864E-5
4.8040291333621596E-5
4.833313726320014E-5
4.836681546741332E-5
4.833371677025248E-5
4.867467129435027E-5
4.867127515374632E-5
4.900759647329046E-5
4.910941371253212E-5
4.9111496510196914E-5
4.951500992278327E-5
4.962147179368616E-5
4.955429330465271E-5
4.924682262053578E-5
4.936572655731947E-5
4.976603549704194E-5
5.003664203470458E-5
4.984246826513815E-5
5.006175510387598E-5
5.010085166254981E-5
5.062555971894295E-5
5.04211350624459E-5
5.06901180252513E-5
5.068888338542996E-5
5.069447636282266E-5
5.099559063464234E-5
5.10641676176716E-5
5.164238894514946E-5
5.148678181261936E-5
5.185439140878162E-5
5.1737531924224864E-5
5.139480829548735E-5
5.147685442028566E-5
5.1256427456627574E-5
5.0753194645988455E-5
5.07703009395179E-5
5.082841159773684E-5
5.079094024737257E-5
5.110224822777481E-5
5.107875302554141E-5
5.091241438706952E-5
5.1216615821563176E-5
5.155593953483208E-5
5.16071180933004E-5
5.1269905920566685E-5
5.089811718808674E-5
5.112013298073058E-5
5.0964112584668065E-5
5.057178066278777E-5
5.055313434443511E-5
5.0191736562707014E-5
5.075012009451535E-5
5.045126504882503E-5
5.055365315714069E-5
5.078112160141949E-5
5.115766152369066E-5
5.108137883150046E-5
5.1019014105447686E-5
5.11552054337911E-5
5.09068585146549E-5
5.090717348650002E-5
5.120927597882428E-5
5.090005161644584E-5
5.109577941753817E-5
5.09815307024071E-5
5.084996129943879E-5
5.041412326116759E-5
5.039493128846089E-5
5.01323271801773E-5
4.980659613923208E-5
4.979068030632918E-5
4.97682022829082E-5
4.973120363028588E-5
5.033674574303525E-5
5.028881049522903E-5
5.118568131959083E-5
5.1326077478620954E-5
5.168972178805721E-5
5.185403615425717E-5
5.173714372954828E-5
5.2075581737095194E-5
5.2274352195282535E-5
5.205201958724942E-5
5.250304727005608E-5
5.2681488901960656E-5
5.2782321061428823E-5
5.3094896737040096E-5
5.2851434760123104E-5
5.286901288569595E-5
5.291365385933838E-5
5.298709998144451E-5
5.3193020376645904E-5
5.3131425721602424E-5
5.275502376694651E-5
5.2822039087209784E-5
5.301040683961065E-5
5.2923797863185305E-5
5.247277379835786E-5
5.2642075021803015E-5
5.247296913082323E-5
5.237051140463292E-5
5.250147087320436E-5
5.2397139610544926E-5
5.3171043215087734E-5
5.3677240268165086E-5
5.3806926511974265E-5
5.407539208301456E-5
5.432337786999189E-5
5.4146426269583867E-5
5.370393719429363E-5
5.3930908774404E-5
5.392784118001908E-5
5.456376694846731E-5
5.4416437811482125E-5
5.4583706791267165E-5
5.473425738044555E-5
5.5049335256847E-5
5.526867434169437E-5
5.514277913643731E-5
5.4937119512646205E-5
5.4949232816613555E-5
5.500848831573396E-5
5.523063341276037E-5
5.504313531315619E-5
5.5224928417386656E-5
5.5060782165369194E-5
5.47322097438062E-5
5.470701611621696E-5
5.4717955828181765E-5
5.5859044144212416E-5
5.569392209213132E-5
5.578071942772295E-5
5.551930841023607E-5
5.5519650620896414E-5
5.544289598909021E-5
5.550473969905364E-5
5.557084068100994E-5
5.612267529592129E-5
5.635778658143349E-5
5.630409562732782E-5
5.5992178102860146E-5
5.571053331250771E-5
5.600926513288402E-5
5.569949471865655E-5
5.6064797715399085E-5
5.616916684460025E-5
5.5987643531289805E-5
5.590011008659408E-5
5.577684889714889E-5
5.58069531392247E-5
5.637914406716186E-5
5.628977177156944E-5
5.633623873733231E-5
5.657295826493585E-5
5.6230203507154544E-5
5.669802525914278E-5
5.651691325975249E-5
5.6056770988472304E-5
5.6029954184750874E-5
5.619232512246033E-5
5.605966823841323E-5
5.522954912439058E-5
5.540692436749977E-5
5.577051345740346E-5
5.571202329260493E-5
5.587344135590323E-5
5.551069927405867E-5
5.581572160501891E-5
5.571521943017359E-5
5.570330697682468E-5
5.597924751223634E-5
5.592522053787543E-5
5.604000260961724E-5
5.585038643341735E-5
5.578824929879293E-5
5.5677580132749974E-5
5.50073593313117E-5
5.550994500758207E-5
5.535856167083721E-5
5.4702278332310554E-5
5.495055639122299E-5
5.480084718707235E-5
5.451748056334342E-5
5.410671224512016E-5
5.411189302472969E-5
5.427146052763258E-5
5.457238444533057E-5
5.4747257295505685E-5
5.476887998505003E-5
5.505467825236682E-5
5.4945120562467965E-5
5.493418468634854E-5
5.487031957486858E-5
5.503050401903551E-5
5.515789209997574E-5
5.4705638878634504E-5
5.4707828268822225E-5
5.471313311984548E-5
5.501465170834145E-5
5.5301334429521644E-5
5.526616290127792E-5
5.56452578134139E-5
5.557370624130997E-5
5.5516952997787186E-5
5.610830842225535E-5
5.596423496915361E-5
5.578142179580008E-5
5.597009762010124E-5
5.560533264414156E-5
5.559670517599995E-5
5.485112415805384E-5
5.500185546362285E-5
5.5347224064806514E-5
5.537255951127288E-5
5.551968523477655E-5
5.552844127064403E-5
5.5808681992480506E-5
5.594372851870788E-5
5.565913426638692E-5
5.579162050729635E-5
5.5933476239940266E-5
5.618166672289196E-5
5.666954914222425E-5
5.6205167557614635E-5
5.6334771731430265E-5
5.64085977600995E-5
5.66652580433682E-5
5.6862362038553717E-5
5.72548726905887E-5
5.683734842869476E-5
5.7031304207026306E-5
5.709822945099605E-5
5.684835377388418E-5
5.675209197085815E-5
5.709783382611112E-5
5.7442382935996596E-5
5.749111602091952E-5
5.717852821794947E-5
5.7153781506498126E-5
5.686137541398278E-5
5.719846729658758E-5
5.739663422260953E-5
5.730234328340261E-5
5.7064174818424515E-5
5.7705960261446474E-5
5.80968511230893E-5
5.7849773317333056E-5
5.790220703442253E-5
5.763641603986518E-5
5.7663686349728753E-5
5.75169438745214E-5
5.793461500448328E-5
5.7662596027660845E-5
5.741695483438502E-5
5.69913687286852E-5
5.692050701335375E-5
5.690106276765365E-5
5.688695585670153E-5
5.653819365205442E-5
5.6811503840033275E-5
5.727104468432206E-5
5.72090044173631E-5
5.718220987758196E-5
5.7056583814517194E-5
5.723232907412013E-5
5.702823288527925E-5
5.688345034679591E-5
5.7455189264357826E-5
5.750176459264515E-5
5.709119861482797E-5
5.6864218445295716E-5
5.6190128599278764E-5
5.615706739905569E-5
5.634389753155081E-5
5.6420636537466974E-5
5.652714497025924E-5
5.683272202848639E-5
5.6938854845739086E-5
5.73013040274442E-5
5.668608457663001E-5
5.681731130151309E-5
5.670838308738803E-5
5.653760182620519E-5
5.6120430843847555E-5
5.5933076038181016E-5
5.5771078131923035E-5
5.560789166078743E-5
5.574837884670736E-5
5.574553277917587E-5
5.5923309385591744E-5
5.6024519320771984E-5
5.6116584824097416E-5
5.620014937180482E-5
5.6415066940586843E-5
5.6278606562329625E-5
5.6552981402486225E-5
5.6319017252041715E-5
5.5299581080558894E-5
5.534182509628063E-5
5.538867867683678E-5
5.5518122825457154E-5
5.545086360616772E-5
5.558376264145802E-5
5.5381029115784874E-5
5.5598873397433436E-5
5.56791915909242E-5
5.524374381567522E-5
5.5061569381785996E-5
5.477542753005637E-5
5.4756863244488E-5
5.450976623417213E-5
5.4569431673674323E-5
5.470691865026616E-5
5.4506591661511705E-5
5.4334266309388806E-5
5.488142148289406E-5
5.5124808794776794E-5
5.509976196079548E-5
5.555412984456888E-5
5.536749965297551E-5
5.552868116049458E-5
5.550414081345472E-5
5.552126793935989E-5
5.5616512894326305E-5
5.557027343286336E-5
5.591166034648306E-5
5.565408568207231E-5
5.5462723535976736E-5
5.5788119647561974E-5
5.5498432021425994E-5
5.600277060750948E-5
5.5777260981732425E-5
5.5453546828069424E-5
5.5395549152498425E-5
5.5383124649615846E-5
5.533175949150729E-5
5.539935061614448E-5
5.5444888082183354E-5
5.491971502017044E-5
5.5086100030774314E-5
5.5465112917129E-5
5.53489115742525E-5
5.551595889298616E-5
5.6072425101210277E-5
5.6051864399244534E-5
5.6290909564064743E-5
5.6756258897475476E-5
5.7056205244870576E-5
5.7061554330715364E-5
5.679612577255134E-5
5.72411657484551E-5
5.760857341396973E-5
5.7881648429598925E-5
5.797976931238919E-5
5.844183681608574E-5
5.82292312607898E-5
5.778981234501112E-5
5.858899592991994E-5
5.805221058648425E-5
5.798683260929198E-5
5.793713403929278E-5
5.768335349494033E-5
5.749371267597207E-5
5.7428493457094826E-5
5.7833918372681654E-5
5.7594052388726716E-5
5.75740627156374E-5
5.7704913005528E-5
5.738328939183559E-5
5.720728947379456E-5
5.737567243732064E-5
5.680877354452177E-5
5.73889791084002E-5
5.747894986906081E-5
5.7553646400630026E-5
5.743446611567069E-5
5.751458785376025E-5
5.708116683564756E-5
5.7061588061745005E-5
5.7270667532612905E-5
5.7577860893418796E-5
5.756610047730507E-5
5.8279760089295244E-5
5.812135662560335E-5
5.8452731999716845E-5
5.84434775909665E-5
5.813564489887628E-5
5.812678419994753E-5
5.8041683897908345E-5
5.829358319728959E-5
5.792150937021486E-5
5.8075243458953175E-5
5.808002285595866E-5
5.828678404492377E-5
5.877345426375567E-5
5.855981921982021E-5
5.83844577030677E-5
5.855501653351708E-5
5.875103007899897E-5
5.889949820131406E-5
5.8884821224785556E-5
5.873919235866006E-5
5.92009793696955E-5
5.946987059903538E-5
5.945204296382852E-5
5.865677453862281E-5
5.8281175696143364E-5
5.8502894454669785E-5
5.826000621619472E-5
5.8419417232781315E-5
5.834620667532124E-5
5.849898138200177E-5
5.861278057162943E-5
5.9195910740092647E-5
5.8974121227289845E-5
5.911712322018201E-5
5.89940855800373E-5
5.87313684814323E-5
5.8991974521651017E-5
5.898944598220187E-5
5.869572803544908E-5
5.873844252365493E-5
5.885809847824501E-5
5.90495670509953E-5
5.9623745844854276E-5
5.9761860787395667E-5
5.963257448384314E-5
5.8725128708425656E-5
5.900660181639873E-5
5.951424918679172E-5
5.9912950016470275E-5
5.989478696489371E-5
5.90716127690543E-5
5.92753734525494E-5
5.9216407239364494E-5
5.966692026309718E-5
5.9125554947399795E-5
5.851716319491833E-5
5.8342106311960894E-5
5.876429217259157E-5
5.8521480925338064E-5
5.815468190271554E-5
5.851609490505313E-5
5.84293571577735E-5
5.7696294305467025E-5
5.7479494068839195E-5
5.738619896760643E-5
5.669415107186033E-5
5.7506181630625465E-5
5.7211299953099256E-5
5.685894994727644E-5
5.630707970847224E-5
5.601758532193613E-5
5.638655696692953E-5
5.639847662072649E-5
5.6112850790506386E-5
5.575656542183687E-5
5.532832814947096E-5
5.52844821454228E-5
5.537459572367645E-5
5.568456681646966E-5
5.59655373678993E-5
5.564990390062845E-5
5.6403373179579424E-5
5.629404955375282E-5
5.6031299912509994E-5
5.601639894336033E-5
5.629052812350145E-5
5.639643950045804E-5
5.655608805139016E-5
5.691944193302488E-5
5.6732393427277645E-5
5.6465433681993694E-5
5.6369877253588526E-5
5.6353863629183115E-5
5.6234657686889254E-5
5.638352353008082E-5
5.6312772927034813E-5
5.6406246177281686E-5
5.618547250922959E-5
5.6016837333873245E-5
5.647167865780602E-5
5.6350023324122304E-5
5.6675189611884775E-5
5.653869266691732E-5
5.6281000645689765E-5
5.60307772280948E-5
5.6328793611015195E-5
5.614355986659773E-5
5.616170942750362E-5
5.6320386761390556E-5
5.6762555728182076E-5
5.6675540045776194E-5
5.6291657000626646E-5
5.6139469753181475E-5
5.5981608022983326E-5
5.6048576304008946E-5
5.6220783247104565E-5
5.619230840158791E-5
5.643227342315839E-5
5.631371470045431E-5
5.636698925392873E-5
5.628902446911349E-5
5.625680704576214E-5
5.6363941169095006E-5
5.613667598203615E-5
5.6163766927473606E-5
5.556589402079134E-5
5.587437784484983E-5
5.559850858435591E-5
5.54937607136487E-5
5.512851057435242E-5
5.509764389948432E-5
5.536687954661279E-5
5.553004018967122E-5
5.615088952930585E-5
5.5804732928108216E-5
5.587777965162458E-5
5.512406520072318E-5
5.517179940773777E-5
5.495182139933573E-5
5.49746173224523E-5
5.4659794026232493E-5
5.4612510990315096E-5
5.5063145284349246E-5
5.4747919116715045E-5
5.4774398643477394E-5
5.5028830815309333E-5
5.4905954925254366E-5
5.481583948294011E-5
5.53677892177329E-5
5.5385611475535556E-5
5.535471270566232E-5
5.5500566333345265E-5
5.548791373219088E-5
5.5259715252103734E-5
5.5113523321713565E-5
5.5071505532048516E-5
5.4894554367555686E-5
5.490218781790566E-5
5.48320486222531E-5
5.482422617212017E-5
5.5693626657806176E-5
5.5854599327429526E-5
5.584931925147884E-5
5.613970785966963E-5
5.633950463792314E-5
5.631046888918359E-5
5.623894612058628E-5
5.623839729453416E-5
5.648063257210991E-5
5.674707215574322E-5
5.6818363850019684E-5
5.755994360002536E-5
5.809872010573703E-5
5.846288345138512E-5
5.8331212758771675E-5
5.8366359166941566E-5
5.8793453425677035E-5
5.830553960855853E-5
5.846156207480205E-5
5.8685663286496506E-5
5.8162254044731984E-5
5.789324793528204E-5
5.805772604937626E-5
5.791201773078619E-5
5.799396925140904E-5
5.825800802942597E-5
5.832420788072379E-5
5.813045444197553E-5
5.7881479939594845E-5
5.7967766314172114E-5
5.7798901604075854E-5
5.723545476075129E-5
5.6882811960195946E-5
5.7318751483981883E-5
5.7685181036900695E-5
5.7732407694277266E-5
5.7687968115243955E-5
5.755921402128962E-5
5.8133192488504113E-5
5.816823401822617E-5
5.7783670373201326E-5
5.771265614403705E-5
5.716166165769386E-5
5.715344767547625E-5
5.701510415701689E-5
5.720399319940996E-5
5.7147813422347254E-5
5.701144421423395E-5
5.690892719241287E-5
5.6685181020305296E-5
5.665216405947286E-5
5.688998194291479E-5
5.667671707438154E-5
5.6386271944953297E-5
5.6269971664418745E-5
5.636718305104342E-5
5.6533093760954454E-5
5.670919968387449E-5
5.677487086246206E-5
5.698782524387183E-5
5.706529735602823E-5
5.703363797742036E-5
5.693588535773547E-5
5.6979556653476234E-5
5.700536030375879E-5
5.7028285837535184E-5
5.7469835720161214E-5
5.758129849114397E-5
5.76970281702011E-5
5.8034236226761006E-5
5.790736934909624E-5
5.786880093695586E-5
5.797228544405728E-5
5.792454341183178E-5
5.8235650769856745E-5
5.793486970944738E-5
5.851094505715223E-5
5.917735326376737E-5
5.9816729197395017E-5
5.930245196499266E-5
6.008379706562266E-5
5.9491266366341266E-5
5.9972182809504616E-5
6.021627872906732E-5
6.0438137240309686E-5
6.00694135269164E-5
6.009456633890947E-5
6.039473402049736E-5
6.036042275621766E-5
6.066527377978635E-5
6.0086063635101414E-5
5.9574684228018607E-5
5.9710332281482856E-5
5.964536821781103E-5
5.970983051423436E-5
5.9804153496081506E-5
5.923686425623212E-5
6.031337778145385E-5
5.978648094145047E-5
5.99793814543124E-5
5.9814446025235334E-5
5.9645349892878474E-5
5.939924039209056E-5
5.9131938687188905E-5
5.8915735381653915E-5
5.849315245172942E-5
5.820413753967223E-5
5.7691024756307776E-5
5.724360048086756E-5
5.764655931539694E-5
5.7885361142629574E-5
5.751739436800814E-5
5.715385445699336E-5
5.72710491623977E-5
5.7108845613931785E-5
5.7850121838528805E-5
5.8109821405017906E-5
5.7610734491691445E-5
5.7658501948332924E-5
5.755372166017287E-5
5.750768407763923E-5
5.7726530240024064E-5
5.7679464213680355E-5
5.750871165842289E-5
5.7448795347827755E-5
5.746020115659848E-5
5.758955334530094E-5
5.759717139715867E-5
5.7849357294978266E-5
5.811746636987436E-5
5.803145807072461E-5
5.839135275778969E-5
5.824993460428208E-5
5.873048280428447E-5
5.887887971496179E-5
5.874555011703906E-5
5.8969848381265254E-5
5.83292124196499E-5
5.883413005043761E-5
5.8449342127530654E-5
5.795372104904677E-5
5.7609328814473015E-5
5.831328705400282E-5
5.796530150344019E-5
5.810474233599209E-5
5.830728767104353E-5
5.871742819386921E-5
5.853393009470889E-5
5.87245632802642E-5
5.830596423095277E-5
5.828059685603041E-5
5.883599618064491E-5
5.8787876041183265E-5
5.892856924655648E-5
5.90771869880458E-5
5.894327139027652E-5
5.8998068632579126E-5
5.8892693964442997E-5
5.9043920654933946E-5
5.87756854789515E-5
5.832391997407546E-5
5.823936901788817E-5
5.824488813048487E-5
5.8135583951198796E-5
5.83031168378931E-5
5.8278681125020094E-5
5.8557757830617767E-5
5.9142576178514E-5
5.916267341670325E-5
5.876481500009758E-5
5.864416686288366E-5
5.832440520060385E-5
5.810504704728275E-5
5.8045488884552494E-5
5.8361672093471E-5
5.900722940078108E-5
5.8989792808902696E-5
5.8914030606957885E-5
5.8887144923312954E-5
5.862291939041622E-5
5.902734203392635E-5
5.924139853539296E-5
5.9175737393361604E-5
5.925068971152482E-5
5.8849248354303965E-5
5.888889781504867E-5
5.823335258025821E-5
5.8032227468471484E-5
5.699792543160445E-5
5.7273889216834015E-5
5.740771222129689E-5
5.846689409678215E-5
5.8415570763688254E-5
5.8630481264617696E-5
5.8642814341381625E-5
5.871837806140817E-5
5.793559597773808E-5
5.7362481278184756E-5
5.728336490905727E-5
5.708546053112125E-5
5.699645360054786E-5
5.683327520758484E-5
5.703848238910814E-5
5.737553209196716E-5
5.721671455138902E-5
5.75317272647144E-5
5.774092419533118E-5
5.7887411115371574E-5
5.78419939497473E-5
5.801553080741334E-5
5.8262050208558555E-5
5.85495552055332E-5
5.8208312664287475E-5
5.829923586107106E-5
5.839050992720099E-5
5.835601832741079E-5
5.860661553636552E-5
5.844833969835829E-5
5.79929114588403E-5
5.801915930000317E-5
5.8277872354930315E-5
5.8322480933161685E-5
5.894363494865149E-5
5.908274895142205E-5
5.8941579877550054E-5
5.875607885065697E-5
5.880702191281313E-5
5.8844790601140796E-5
5.876786673684229E-5
5.881845490685575E-5
5.937824596562816E-5
5.92408307233643E-5
5.893065700660915E-5
5.8472755231349625E-5
5.8526857792129206E-5
5.930592639597145E-5
5.916335652488668E-5
5.9492675377138484E-5
5.953366436795316E-5
6.0103288407793E-5
6.002677987695805E-5
6.001847884164006E-5
5.992550670152788E-5
5.955071250975426E-5
5.879077905648629E-5
5.863040674803657E-5
5.8635255011699634E-5
5.877852547968953E-5
5.8781314370941244E-5
5.892466186468586E-5
5.899634244407068E-5
5.941550193972304E-5
5.9235560386573345E-5
5.9088618069606516E-5
5.918689153113905E-5
5.9300331292949296E-5
5.9260968257854454E-5
5.953391633801643E-5
5.986958855278935E-5
5.975817610203324E-5
5.995663327076735E-5
5.9845361832087804E-5
5.9439501477407056E-5
5.9867553780582E-5
5.939063684128744E-5
5.869334982274795E-5
5.887437505601321E-5
5.8852416085717E-5
5.8785062884815214E-5
5.8497765198647026E-5
5.834702325766634E-5
5.8204376290273796E-5
5.709814224451738E-5
5.717075525491219E-5
5.717976482481428E-5
5.713232985098757E-5
5.6753458056703506E-5
5.7592762408609864E-5
5.7473961240791686E-5
5.675840186049821E-5
5.720524461240209E-5
5.698625229720095E-5
5.692762993424863E-5
5.6972094840042655E-5
5.692885961119959E-5
5.634336414035104E-5
5.6228654410853365E-5
5.655092035532454E-5
5.658679654963432E-5
5.642800891276295E-5
5.60155153413005E-5
5.5834715447377965E-5
5.559998488730695E-5
5.5754582751087554E-5
5.5601549674214204E-5
5.507471482159588E-5
5.51416497367281E-5
5.545327096149902E-5
5.525259747139979E-5
5.518235754456732E-5
5.540051312789571E-5
5.5471147800651077E-5
5.5048345695136585E-5
5.476145797938413E-5
5.4772956467279385E-5
5.467899580142395E-5
5.45805852053976E-5
5.448212788584068E-5
5.464229296624889E-5
5.496387416098607E-5
5.5005967658064536E-5
5.530666210684251E-5
5.501622541410124E-5
5.4767284949110354E-5
5.4947993130353496E-5
5.513634592802823E-5
5.51578512250872E-5
5.507989893970979E-5
5.471100298027378E-5
5.450041113034054E-5
5.4238488213774026E-5
5.426819055997335E-5
5.384453837712014E-5
5.414272251106873E-5
5.460401276658683E-5
5.491072055485656E-5
5.48799658130947E-5
5.420349996084976E-5
5.408497457381836E-5
5.399467095510892E-5
5.394872586357989E-5
5.422880755683037E-5
5.4430095230224326E-5
5.398450936873762E-5
5.373082004804184E-5
5.394091934137657E-5
5.366120812067006E-5
5.313589459287866E-5
5.363124308920762E-5
5.3728296442352285E-5
5.3773303822494346E-5
5.401933922861214E-5
5.3900321671551756E-5
5.4208184509029495E-5
5.4203215412658085E-5
5.404905390277588E-5
5.4288311303313815E-5
5.4777089844293844E-5
5.486305524401128E-5
5.4678164183540035E-5
5.5120593862364884E-5
5.5067017132071064E-5
5.474613695273945E-5
5.446256509507239E-5
5.495951842739746E-5
5.466819359759946E-5
5.435455950764868E-5
5.4445702732738934E-5
5.43801940078593E-5
5.43176661455392E-5
5.44208551946109E-5
5.412160142201585E-5
5.3907712229860895E-5
5.356109883992517E-5
5.3467389291161896E-5
5.351886830236708E-5
5.356653859802045E-5
5.3832360065856866E-5
5.430747023131702E-5
5.4420932734713275E-5
5.4467813869987814E-5
5.481424726526469E-5
5.4562551203429055E-5
5.450603621362955E-5
5.4728415503739706E-5
5.4311588766349675E-5
5.451656377305564E-5
5.4627520435391794E-5
5.462773955079349E-5
5.4155990816397636E-5
5.442513740841707E-5
5.4841504997576E-5
5.461946266629673E-5
5.496621844839368E-5
5.501469844429956E-5
5.540487225168833E-5
5.519427011693902E-5
5.567075437361864E-5
5.5330381880617407E-5
5.524681113726129E-5
5.5137418252308415E-5
5.510161676645828E-5
5.487016225462585E-5
5.457415200553908E-5
5.422244284497056E-5
5.44533491530936E-5
5.4360798925694394E-5
5.5125600626225E-5
5.51374091726235E-5
5.490479237266106E-5
5.50181249450908E-5
5.515066123489036E-5
5.530290909883559E-5
5.546235792565588E-5
5.5895044657835494E-5
5.596056885116535E-5
5.5991163201087E-5
5.580180107392655E-5
5.6116337641288615E-5
5.6020057538590926E-5
5.553236451144494E-5
5.524096593911818E-5
5.550867081065705E-5
5.594524907231577E-5
5.578434391845711E-5
5.612676474544146E-5
5.633122421586613E-5
5.6546184186662237E-5
5.632302196746144E-5
5.6649581066768296E-5
5.64502848808553E-5
5.6376290857961E-5
5.583245678001146E-5
5.602247450093716E-5
5.6135289180364324E-5
5.623539515448401E-5
5.6159702661177977E-5
5.6196300441179634E-5
5.6128562609135165E-5
5.5764457390344265E-5
5.599860126316823E-5
5.619409620109084E-5
5.645666557362455E-5
5.647825210322516E-5
5.61161452104936E-5
5.604050204531514E-5
5.536849360970317E-5
5.5584938031493906E-5
5.736940878102907E-5
5.7637946591035825E-5
5.7672100854342645E-5
5.729063490828212E-5
5.705500331096055E-5
5.695557697690455E-5
5.6110025096282064E-5
5.588961760378666E-5
5.5965693452858053E-5
5.568051115474868E-5
5.554531161329061E-5
5.52815926619115E-5
5.5570038648600526E-5
5.554907636747538E-5
5.55701810125079E-5
5.486324527477241E-5
5.484889827267605E-5
5.5076955329823495E-5
5.4936791088561924E-5
5.5596165668322615E-5
5.574597546129258E-5
5.607059668290401E-5
5.555492513381931E-5
5.587221081361652E-5
5.587282958684677E-5
5.593089172945214E-5
5.611130093485167E-5
5.645280694514369E-5
5.640525782126713E-5
5.6280039917817644E-5
5.6205648445870216E-5
5.6053020157595496E-5
5.5807298609450876E-5
5.5858967489842384E-5
5.5881988232223805E-5
5.5935129521135935E-5
5.584175675436685E-5
5.5184658023630165E-5
5.544750284444011E-5
5.597536806456676E-5
5.5687457483351824E-5
5.509793849943046E-5
5.4857053654441025E-5
5.4847881041652197E-5
5.5189440273293954E-5
5.5163883742348304E-5
5.514932897654609E-5
5.516417161104092E-5
5.5556615920407844E-5
5.4995969444215704E-5
5.495070349824778E-5
5.476143438701014E-5
5.4720658730141965E-5
5.474776309491672E-5
5.4705582675709405E-5
5.429386740695783E-5
5.40413435718893E-5
5.4289632991735906E-5
5.457910735274116E-5
5.457768258091908E-5
5.426099371751234E-5
5.423874712021941E-5
5.479325536114793E-5
5.4613340643874125E-5
5.484030701060214E-5
5.570941767100224E-5
5.6044930042668226E-5
5.626622634885825E-5
5.675376097346741E-5
5.7072639842893565E-5
5.7096687886275234E-5
5.5910977816327526E-5
5.551594592455063E-5
5.572664782835442E-5
5.5708750943456495E-5
5.549371671705701E-5
5.564000312519116E-5
5.576317474151632E-5
5.579900157411236E-5
5.5453603722626943E-5
5.546961313713765E-5
5.5525461816086445E-5
5.5373298748227755E-5
5.533870598298638E-5
5.550665350143519E-5
5.5434708454502845E-5
5.5504657868766755E-5
5.599973020955621E-5
5.632102443154067E-5
5.608851189465106E-5
5.597312880485399E-5
5.666938423710789E-5
5.648265116635617E-5
5.602751194554044E-5
5.5492697904893974E-5
5.574657900480504E-5
5.5557375094751615E-5
5.546853235523436E-5
5.507979257020116E-5
5.487674137592175E-5
5.513639478538131E-5
5.486067259679564E-5
5.4962815741880884E-5
5.463408542562216E-5
5.4583507350925576E-5
5.4755503103604045E-5
5.4157758293813785E-5
5.4058283600567966E-5
5.4032000636725346E-5
5.402060616725266E-5
5.3684597458766904E-5
5.3813716113494304E-5
5.401298095648762E-5
5.379721873206319E-5
5.375496472501682E-5
5.382748286496702E-5
5.369145058324194E-5
5.400615004420459E-5
5.3984025625441944E-5
5.414869244028596E-5
5.3670195427374064E-5
5.401337236662543E-5
5.430760635647887E-5
5.4275530388781775E-5
5.443506553344969E-5
5.434513652141587E-5
5.435201422536758E-5
5.42714698151854E-5
5.408573687649965E-5
5.425961520670669E-5
5.432781475568415E-5
5.441333938484524E-5
5.481935574532376E-5
5.462470321682475E-5
5.470511106454311E-5
5.488005702654057E-5
5.4982346234454264E-5
5.455302998492006E-5
5.4625541411711795E-5
5.484578258648629E-5
5.4821334891005154E-5
5.486939617517119E-5
5.555742121371449E-5
5.545178605750774E-5
5.521912146218467E-5
5.5576297986053114E-5
5.556732365929465E-5
5.5736559083031596E-5
5.580563846528076E-5
5.558809118218851E-5
5.5486624843858766E-5
5.581879960743132E-5
5.596836525936614E-5
5.621256659568701E-5
5.6070122112347323E-5
5.682044567941696E-5
5.662479806194088E-5
5.42271303552816E-5
5.437926543550855E-5
5.456936501926302E-5
5.476609428888648E-5
5.4879190124391085E-5
5.501512963968212E-5
5.504367714405772E-5
5.505060014367456E-5
5.513748286951247E-5
5.534879807519228E-5
5.531944857642984E-5
5.520198998730918E-5
5.48827995685784E-5
5.483909293939655E-5
5.4625131988331234E-5
5.445549865006793E-5
5.4709472151070256E-5
5.496607464813074E-5
5.5045635731663925E-5
5.5430924540883185E-5
5.522423090168473E-5
5.53557440877402E-5
5.5830064488889935E-5
5.6016100457786404E-5
5.570336878834886E-5
5.5680512888001305E-5
5.5705877339175636E-5
5.584623224952941E-5
5.550979671193759E-5
5.567778192098603E-5
5.5753498328429804E-5
5.5705841395480886E-5
5.596644839033756E-5
5.6456883530699526E-5
5.668428302646175E-5
5.675561304875883E-5
5.666681048182529E-5
5.6609611553575216E-5
5.66814980576654E-5
5.6942679239212406E-5
5.693641464180463E-5
5.7396907083114564E-5
5.732917859043931E-5
5.711360307493035E-5
5.697050213383529E-5
5.6968531538552404E-5
5.693107586300594E-5
5.7083812912812784E-5
5.686199002158102E-5
5.693951024512821E-5
5.716482740704518E-5
5.7294820913695E-5
5.734520411466692E-5
5.7154626305474166E-5
5.688616322887802E-5
5.709008589895666E-5
5.690456691258163E-5
5.6668210134415694E-5
5.676851727039822E-5
5.697040632906851E-5
5.7058385149008215E-5
5.71911053375234E-5
5.739899315838376E-5
5.706094260076674E-5
5.697104953772513E-5
5.708988773645003E-5
5.728350837890172E-5
5.74325976453823E-5
5.770732701386078E-5
5.7674414336387706E-5
5.7676636469370116E-5
5.758631814830726E-5
5.802686904004848E-5
5.8070334740660366E-5
5.843392252607207E-5
5.833174452850974E-5
5.8115675498866554E-5
5.826736019911385E-5
5.816258008007316E-5
5.786767986677835E-5
5.8012766562120806E-5
5.768605827478852E-5
5.800643064169965E-5
5.80081636535165E-5
5.806272852085126E-5
5.7658284694781336E-5
5.755512692676774E-5
5.71572717293284E-5
5.6962050216066515E-5
5.678413055871727E-5
5.682466242339829E-5
5.706522807774707E-5
5.669596499324854E-5
5.6789696827100295E-5
5.686417632159324E-5
5.740080751732898E-5
5.7667299701873875E-5
5.727434196520513E-5
5.709169521271212E-5
5.700528069628172E-5
5.693483880091777E-5
5.694187851762981E-5
5.711385973608115E-5
5.7369521887201585E-5
5.709182250032724E-5
5.7440422962942684E-5
5.737070619055972E-5
5.752245347211616E-5
5.754690830383596E-5
5.8001343888306804E-5
5.7969735181616824E-5
5.8080069312914796E-5
5.820752212706174E-5
5.817839049082712E-5
5.866809004250193E-5
5.84885887350098E-5
5.8613409284019066E-5
5.8689652077877914E-5
5.819627437186211E-5
5.846753075310091E-5
5.839968644872842E-5
5.847511438145393E-5
5.892833095804843E-5
5.86548124621883E-5
5.844953584561139E-5
5.8232419208354486E-5
5.860629003081702E-5
5.857943377524061E-5
5.8660120014835984E-5
5.893126191985099E-5
5.929990975231101E-5
5.938598890876161E-5
5.98498293453513E-5
5.993902828669603E-5
6.052979735224908E-5
6.0376533210721635E-5
6.04874886453914E-5
6.068347020742592E-5
6.104107090817672E-5
6.112872291182592E-5
6.110566502493298E-5
6.07239411939512E-5
6.102903761115615E-5
6.081374040278866E-5
6.108109864756285E-5
6.118481790340008E-5
6.13317182725333E-5
6.097914299853529E-5
6.085868478223218E-5
6.081909903239112E-5
6.1009418379833583E-5
6.0665025154971804E-5
6.063808865247684E-5
6.067574029278924E-5
6.0961973399786286E-5
6.105597706610587E-5
6.109931161255948E-5
6.099249109314981E-5
6.0634271346241235E-5
6.025713919942295E-5
6.021879418929862E-5
6.107431065060435E-5
6.1029482129122326E-5
6.052917020195567E-5
6.0198464267649514E-5
6.01329405949745E-5
6.045510204068732E-5
6.0471011988372694E-5
6.0560509435357854E-5
6.0578215202267236E-5
6.010376310853338E-5
6.0075336408747095E-5
5.998460267595412E-5
5.987239268918486E-5
5.980650771318184E-5
6.005416257220426E-5
5.989701941787954E-5
5.9496266590103773E-5
5.9472863026613474E-5
5.956695106571419E-5
5.970400644252769E-5
5.97608700270821E-5
5.9416250847652595E-5
5.942321434984574E-5
5.960973671139757E-5
5.938438695022062E-5
5.944798635927761E-5
5.969128751254443E-5
5.900253702587677E-5
5.8839597769961775E-5
5.879199758824038E-5
5.8916759697584113E-5
5.8952674724088986E-5
5.932233611146177E-5
5.921394225265491E-5
5.9566336020057325E-5
5.981702234967886E-5
6.0403425035518036E-5
6.021763600338859E-5
6.000788162271091E-5
5.992206270748322E-5
6.019500638512621E-5
6.00749464660915E-5
6.030747674635711E-5
6.054016804841372E-5
6.087820959666177E-5
6.113247295116018E-5
6.13132166558254E-5
6.148117089260061E-5
6.198637537820047E-5
6.193789644948184E-5
6.178233919681666E-5
6.189159698603867E-5
6.183776234576667E-5
6.160091421027661E-5
6.148380868281535E-5
6.183984796192193E-5
6.199107404155279E-5
6.201246868867412E-5
6.218229616326467E-5
6.199094534101296E-5
6.196600349988484E-5
6.220258905769527E-5
6.21182296938243E-5
6.224181778937867E-5
6.204981316699785E-5
6.217431569406653E-5
6.170610769113476E-5
6.193870635364006E-5
6.208040044716606E-5
6.280537863440148E-5
6.235618607311195E-5
6.255638930217852E-5
6.267647574033513E-5
6.24936287534805E-5
6.246306427709836E-5
6.22594134329204E-5
6.212143425531676E-5
6.173353718072475E-5
6.159253314881652E-5
6.207834834490267E-5
6.132062161466117E-5
6.168580011998653E-5
6.18762565602242E-5
6.188711242634867E-5
6.197957846567666E-5
6.178201439599352E-5
6.166126131665105E-5
6.150233693135136E-5
6.150485644250162E-5
6.164336329388219E-5
6.144398653627395E-5
6.126762006068282E-5
6.115769674298907E-5
6.113379454082221E-5
6.111601079143364E-5
6.04822404260629E-5
6.038439797577269E-5
6.086801665563916E-5
6.044274231471059E-5
6.0455483808768204E-5
6.054959024823408E-5
6.070712054822577E-5
6.0405498716822825E-5
6.0134639203662064E-5
6.034748663725665E-5
6.016633710000906E-5
6.0691878277357734E-5
6.090474887014022E-5
6.074984080165828E-5
6.092258200360798E-5
6.131968766132617E-5
6.107248745731587E-5
6.141558733621522E-5
6.150754555724796E-5
6.14963608528213E-5
6.256015774478637E-5
6.247923059647778E-5
6.229287598989712E-5
6.236108446907873E-5
6.265453658306211E-5
6.28745530775663E-5
6.275991070389758E-5
6.299133337511956E-5
6.287785726572858E-5
6.337800961137344E-5
6.29934757408751E-5
6.346089177033429E-5
6.319521359951323E-5
6.350724940911628E-5
6.359216180076259E-5
6.328512526976413E-5
6.333584905653461E-5
6.325764359115099E-5
6.342896832000337E-5
6.347752805603579E-5
6.353742364987936E-5
6.392818831314897E-5
6.374769651030287E-5
6.357793203852654E-5
6.377931739792327E-5
6.378417408417886E-5
6.346736059288939E-5
6.340267591211165E-5
6.328304549315534E-5
6.279805950864482E-5
6.273630645378644E-5
6.268271786847013E-5
6.278873481502787E-5
6.260248982671609E-5
6.247779603123053E-5
6.185276058210137E-5
6.185979437235407E-5
6.19688326606883E-5
6.221062737658162E-5
6.212136808768559E-5
6.237618973753837E-5
6.263053128648182E-5
6.263501540451416E-5
6.262234048523657E-5
6.30683866511163E-5
6.310169192901668E-5
6.304594985021738E-5
6.320607364157861E-5
6.34387245130464E-5
6.323566010783202E-5
6.298904961732807E-5
6.315221876105014E-5
6.326183578893264E-5
6.338497570043299E-5
6.32957088634842E-5
6.377433342063651E-5
6.445107865887147E-5
6.417360823568225E-5
6.460053473865934E-5
6.480295993520986E-5
6.504305278806856E-5
6.50291088981072E-5
6.527921838894225E-5
6.552978350140604E-5
6.566748082528212E-5
6.531938444125692E-5
6.563173273356205E-5
6.582185485130525E-5
6.61065345243968E-5
6.641477320379493E-5
6.664417829120269E-5
6.691921355590853E-5
6.671117413518023E-5
6.649823849255447E-5
6.656055159500879E-5
6.625242507482671E-5
6.6533754548315E-5
6.678424534648034E-5
6.728002068791795E-5
6.756592417071137E-5
6.786623879145481E-5
6.808720427192837E-5
6.777842139575279E-5
6.798296548052086E-5
6.785218879964271E-5
6.79448881400475E-5
6.70404738298406E-5
6.70047271395475E-5
6.692502748783949E-5
6.707849138741917E-5
6.635404063445363E-5
6.59706487361208E-5
6.603655158290575E-5
6.638712317491973E-5
6.65159529576244E-5
6.639497207101452E-5
6.601489810837182E-5
6.533740082161502E-5
6.52389928909813E-5
6.532949629984841E-5
6.523894276055489E-5
6.486227545008112E-5
6.481061089097566E-5
6.543199781136074E-5
6.51776631630071E-5
6.485490326678477E-5
6.518811387400688E-5
6.497094516540484E-5
6.533381880947624E-5
6.530937564233971E-5
6.528302465599803E-5
6.525166906400945E-5
6.562372272576046E-5
6.562206214150619E-5
6.603954953303959E-5
6.558645227856499E-5
6.560693858069555E-5
6.559663922927087E-5
6.538649462993017E-5
6.561460303250895E-5
6.593833195453629E-5
6.620635666881952E-5
6.60430637910877E-5
6.585463672900333E-5
6.587553774908097E-5
6.556037429098852E-5
6.563591596997643E-5
6.535956763749159E-5
6.522104945715375E-5
6.552965233116114E-5
6.556094673958187E-5
6.525845835754576E-5
6.486712646074868E-5
6.451952576396378E-5
6.458456433523035E-5
6.446436259016078E-5
6.468296166485033E-5
6.464201110059768E-5
6.511934350486836E-5
6.594130349172281E-5
6.588268189208632E-5
6.593237484397345E-5
6.607000969272779E-5
6.65516753324176E-5
6.659332432417959E-5
6.658869206823854E-5
6.671747717253763E-5
6.66103183720347E-5
6.657599663094446E-5
6.69559988748104E-5
6.703544614128705E-5
6.715937066278536E-5
6.703072277783848E-5
6.698990568075028E-5
6.647420326025333E-5
6.686872410508314E-5
6.682319640579981E-5
6.656177660386496E-5
6.69397866299782E-5
6.723430248645927E-5
6.702509341549968E-5
6.662042377572515E-5
6.650863403394043E-5
6.63664397534924E-5
6.661297099562209E-5
6.641830222133383E-5
6.618584883535082E-5
6.633972090474156E-5
6.596124252195566E-5
6.600152839154248E-5
6.600147145967893E-5
6.614260626700382E-5
6.576199083232984E-5
6.520453638808626E-5
6.501102754712832E-5
6.533302052930598E-5
6.460204384274168E-5
6.477462748155283E-5
6.487320207655352E-5
6.467233977989189E-5
6.444997880564749E-5
6.40175208903711E-5
6.436974506710775E-5
6.397075647496626E-5
6.429963643923831E-5
6.42829448140572E-5
6.416052364012865E-5
6.39752348494564E-5
6.398244506795116E-5
6.402405980881527E-5
6.432058733976934E-5
6.423264188144946E-5
6.415824619957801E-5
6.440573659138893E-5
6.475193023660594E-5
6.453299239416111E-5
6.463128434099487E-5
6.438553826915765E-5
6.435445997278144E-5
6.431819558864599E-5
6.478800449211946E-5
6.502631410707916E-5
6.516486820340328E-5
6.568114899735446E-5
6.533895096444099E-5
6.508324381571665E-5
6.526110458933586E-5
6.496210021631432E-5
6.493271643718433E-5
6.484724020129825E-5
6.476927975519583E-5
6.522710878158296E-5
6.489870761216832E-5
6.492911510629818E-5
6.438096341839315E-5
6.471725206403559E-5
6.472024421137267E-5
6.505166979312695E-5
6.563638606405131E-5
6.576440858467147E-5
6.6182832389367E-5
6.626577662285046E-5
6.606282785938507E-5
6.58978864092314E-5
6.626713699134274E-5
6.656110115055999E-5
6.661660472503113E-5
6.686391068501172E-5
6.641668098381416E-5
6.66539060567256E-5
6.664451259160873E-5
6.633184247793661E-5
6.569154498978658E-5
6.5590583804949E-5
6.568768749716404E-5
6.557692047654028E-5
6.570787763254888E-5
6.600646518917912E-5
6.592279320102783E-5
6.567103920465923E-5
6.538684328076579E-5
6.579713243425103E-5
6.613999608844641E-5
6.586221354135551E-5
6.620767659237532E-5
6.618899002604514E-5
6.592208016345798E-5
6.649766628443071E-5
6.659146091222209E-5
6.602055395763844E-5
6.562146244306247E-5
6.597953530146742E-5
6.69731380966712E-5
6.739267529520484E-5
6.704334861921271E-5
6.669393603594046E-5
6.643324596476978E-5
6.663499696694434E-5
6.616013027840408E-5
6.633405048244606E-5
6.5855857424621E-5
6.632373590760476E-5
6.598862146650961E-5
6.524975849067805E-5
6.551119951778308E-5
6.575654072875406E-5
6.503970557962305E-5
6.542810079830767E-5
6.52888602460617E-5
6.477703477785707E-5
6.502429297777536E-5
6.478700671180192E-5
6.436940874774436E-5
6.495100133793283E-5
6.517421004607812E-5
6.584371148180996E-5
6.584105115773469E-5
6.571298541861365E-5
6.591469400309235E-5
6.649768623561839E-5
6.64651058245658E-5
6.67072683748893E-5
6.607472610262147E-5
6.562270084590546E-5
6.520734671293813E-5
6.55640238997604E-5
6.595012623474319E-5
6.614381487271753E-5
6.669936790166822E-5
6.693020816982354E-5
6.672520580497303E-5
6.675971350253241E-5
6.680329245030971E-5
6.661706540068301E-5
6.679386373485025E-5
6.66457032397552E-5
6.657775522411893E-5
6.697382895578533E-5
6.734442691132142E-5
6.73775415992402E-5
6.694012281402545E-5
6.698911932063637E-5
6.703723604134275E-5
6.747844202761264E-5
6.759828187803643E-5
6.751466633412189E-5
6.775666290491307E-5
6.75857283428975E-5
6.699208230534926E-5
6.735115253009551E-5
6.701905321924542E-5
6.670709797266034E-5
6.697663108520625E-5
6.700218348401118E-5
6.646814317061989E-5
6.620335065714815E-5
6.627222721132864E-5
6.659250742739045E-5
6.673290443865366E-5
6.723485469235822E-5
6.766536859034883E-5
6.760420494241628E-5
6.790900128802155E-5
6.797307269631898E-5
6.827820561129372E-5
6.840070719282438E-5
6.809682908057976E-5
6.844807429254468E-5
6.852458507551203E-5
6.863322120244681E-5
6.932188006296403E-5
6.969082680225537E-5
7.032723475119332E-5
7.130926559700145E-5
7.12563637675739E-5
7.101603012470384E-5
7.118567395259606E-5
7.099349964924846E-5
7.192613119339864E-5
7.23131672448265E-5
7.210894983082349E-5
7.199562749858359E-5
7.274669069118453E-5
7.293755657106885E-5
7.27669589454151E-5
7.267913952399338E-5
7.305726559628574E-5
7.237248237929229E-5
7.267322980293134E-5
7.263321697602975E-5
7.212911505832684E-5
7.270744401195888E-5
7.256885206177156E-5
7.274199839422069E-5
7.276064878853734E-5
7.282721544504565E-5
7.351979919516222E-5
7.326112044044141E-5
7.340897333472881E-5
7.3310077571305E-5
7.279809638405878E-5
7.285483380595193E-5
7.234358617483034E-5
7.368516773549673E-5
7.356496125483215E-5
7.249098327144416E-5
7.20876206853598E-5
7.278572560019048E-5
7.221047299842472E-5
7.238282860883554E-5
7.354231234095178E-5
7.335850234557361E-5
7.25051625892846E-5
7.225982776659748E-5
7.209407387523676E-5
7.195785824225498E-5
7.197090771640541E-5
7.167405344639682E-5
7.154804049797287E-5
7.20087890418707E-5
7.214270233939415E-5
7.201568114621705E-5
7.177644071743309E-5
7.181701430511464E-5
7.117048711222282E-5
7.136351822310764E-5
7.08389254299122E-5
7.108300351725666E-5
7.087932853377081E-5
7.128606707161278E-5
7.093933874895293E-5
7.142633353567238E-5
7.176489753271139E-5
7.162722252263055E-5
7.193600853539369E-5
7.246975666624949E-5
7.217131441094374E-5
7.199893044023674E-5
7.17569692067168E-5
7.107808887405587E-5
7.11254994944238E-5
7.153052353113561E-5
7.141938254020017E-5
7.147431350655809E-5
7.148147101198965E-5
7.089314929898226E-5
7.052218148268518E-5
7.024563913215167E-5
7.016432530877945E-5
7.068548040926985E-5
7.071249410622987E-5
7.138585126911688E-5
7.144225937553346E-5
7.224655769502146E-5
7.186872135212054E-5
7.186481908999637E-5
7.188657423408365E-5
7.231775564606774E-5
7.283677461843898E-5
7.24229320691936E-5
7.223717257523915E-5
7.203564215457212E-5
7.20471732912192E-5
7.19894764501211E-5
7.22192979413079E-5
7.229836350126155E-5
7.245280488522783E-5
7.247083591613888E-5
7.244257375487875E-5
7.173368012603668E-5
7.179433707969537E-5
7.102068253461797E-5
7.133912254773726E-5
7.215144843619326E-5
7.238844727372842E-5
7.193349403198976E-5
7.193773106187281E-5
7.136172088035573E-5
7.150886390171959E-5
7.135089720313518E-5
7.165186556673897E-5
7.180771205965439E-5
7.159717049969964E-5
7.174563521800504E-5
7.184954602178063E-5
7.174135263601699E-5
7.174514318477244E-5
7.183044046908255E-5
7.214210632191751E-5
7.238426816039065E-5
7.2603975640238E-5
7.28865080444065E-5
7.228521004222621E-5
7.198363767898883E-5
7.247048165202537E-5
7.324555217701125E-5
7.276975948412416E-5
7.279186180373977E-5
7.29400622942028E-5
7.32625680645924E-5
7.336329317138255E-5
7.304456158444671E-5
7.324256854704901E-5
7.378629345997908E-5
7.421022473499687E-5
7.41906942247144E-5
7.330552491351308E-5
7.371332285463715E-5
7.357021270888925E-5
7.307068518357144E-5
7.378299544513591E-5
7.372347222263237E-5
7.403936299039035E-5
7.460494192952662E-5
7.542658075560816E-5
7.541105575243964E-5
7.592655785852452E-5
7.592636333632503E-5
7.600937171553864E-5
7.589255096425385E-5
7.60215638111762E-5
7.626031734669083E-5
7.568092116791841E-5
7.614779196850637E-5
7.598420767324793E-5
7.599657431812686E-5
7.620153471888519E-5
7.62164720458865E-5
7.60267402576877E-5
7.591358204242523E-5
7.603952819357444E-5
7.774931716291227E-5
7.746254481115382E-5
7.681048949854431E-5
7.649599070657513E-5
7.717836753006844E-5
7.667265660540328E-5
7.696890067711247E-5
7.68946161574428E-5
7.69455980036888E-5
7.688477301856155E-5
7.683734336539937E-5
7.704921467526365E-5
7.712733934275388E-5
7.721417785389323E-5
7.694467229605207E-5
7.65571486606426E-5
7.631147630021098E-5
7.634863375345685E-5
7.590802405720257E-5
7.650377842631322E-5
7.639485535313003E-5
7.647284286141191E-5
7.633137263050281E-5
7.663808402172996E-5
7.550579460904499E-5
7.480065725323621E-5
7.508867463041727E-5
7.426220794505363E-5
7.478617665936736E-5
7.436019721365381E-5
7.459108271056991E-5
7.466319607758429E-5
7.444701590673386E-5
7.453287462880631E-5
7.457716770545875E-5
7.440482885308579E-5
7.418823101746658E-5
7.355524967425846E-5
7.33701198364888E-5
7.280885025512809E-5
7.235993632625621E-5
7.192572288933749E-5
7.179484200990445E-5
7.151737506840622E-5
7.164295077551212E-5
7.148394227236854E-5
7.132740462453024E-5
7.145769472687872E-5
7.20227273571738E-5
7.223949956094537E-5
7.25802522857968E-5
7.235746780086494E-5
7.167261188105177E-5
7.208633743724677E-5
7.145294914022527E-5
7.182909156520594E-5
7.165843655277515E-5
7.155652005672314E-5
7.139407471353533E-5
7.096547194679121E-5
7.090514758799011E-5
7.164759687652307E-5
7.197612667807439E-5
7.236730307176569E-5
7.238893481129987E-5
7.237501282035106E-5
7.258379930317117E-5
7.245725193155637E-5
7.203013929761821E-5
7.226631522100066E-5
7.269936656757526E-5
7.349425345815972E-5
7.370410933214404E-5
7.390694490176369E-5
7.32537950789498E-5
7.34160349766677E-5
7.363725043691703E-5
7.270336384519559E-5
7.273690900403595E-5
7.297638729450971E-5
7.345225096119153E-5
7.294022688845335E-5
7.302070960046126E-5
7.29106902378409E-5
7.250248541952809E-5
7.21907832741812E-5
7.224151109493108E-5
7.215383584959112E-5
7.235047249236043E-5
7.313867782955444E-5
7.2716286338906E-5
7.245204023756816E-5
7.203231482075343E-5
7.218308260053398E-5
7.200353602373059E-5
7.224621243362882E-5
7.255290385610641E-5
7.259653374656219E-5
7.289918097688197E-5
7.306416929396387E-5
7.289222805529678E-5
7.27076630615641E-5
7.305213911958708E-5
7.331293325135798E-5
7.310976713266068E-5
7.306021307568007E-5
7.337445058872994E-5
7.320802627893004E-5
7.347691896642566E-5
7.323263828850627E-5
7.27415743993514E-5
7.250792434314402E-5
7.242847063413594E-5
7.259299201051579E-5
7.326928350218007E-5
7.29840432936286E-5
7.287509611396584E-5
7.307347399393007E-5
7.307008049992532E-5
7.287742051245946E-5
7.297315335891607E-5
7.332018009902624E-5
7.298586658672276E-5
7.34065836225898E-5
7.350216830780548E-5
7.37724280912442E-5
7.386535450454205E-5
7.414646226900853E-5
7.458556928378712E-5
7.47142045113224E-5
7.486804863746643E-5
7.513340883300327E-5
7.552852813312469E-5
7.551578865264076E-5
7.586155364686243E-5
7.583697051644692E-5
7.543102238271407E-5
7.547252194683177E-5
7.535262889051099E-5
7.595057290389977E-5
7.578833051376549E-5
7.573782473389452E-5
7.522175998256889E-5
7.57949476179579E-5
7.430009343748018E-5
7.451511672879316E-5
7.395526747110466E-5
7.437092640842626E-5
7.437610819400403E-5
7.398196746953708E-5
7.355348956811277E-5
7.305288247049184E-5
7.261795192327866E-5
7.238314854047727E-5
7.226430139758481E-5
7.19895084118148E-5
7.229788822632767E-5
7.177887384439721E-5
7.162578344647456E-5
7.108228787375838E-5
7.097652812564474E-5
7.088032946550109E-5
7.057087308130454E-5
7.072198182051065E-5
7.030678803435573E-5
7.148742787707026E-5
7.181295314060871E-5
7.212202994122306E-5
7.140790529924155E-5
7.170442904553179E-5
7.161926924972135E-5
7.207398848967366E-5
7.152456925758407E-5
7.152729726319042E-5
7.102622578885056E-5
7.069563843458324E-5
7.150413377521637E-5
7.104501459006377E-5
7.085665680982615E-5
7.164073633667288E-5
7.162664441742319E-5
7.16524373548696E-5
7.125999104249738E-5
7.08335570944565E-5
7.052388169961079E-5
6.964822548920399E-5
6.985862970350582E-5
6.976978796794724E-5
6.94807330063286E-5
6.967455222372929E-5
6.904558316369657E-5
6.876816418230319E-5
6.929542146654917E-5
6.897583052186242E-5
6.888506048858872E-5
6.915381320252738E-5
6.873463691295426E-5
6.905591501429697E-5
6.900567595777934E-5
6.910372145903378E-5
6.901678486329724E-5
6.934196525420537E-5
6.916114588267803E-5
6.97426927130803E-5
6.935610673286558E-5
6.984807137126908E-5
7.056711057145342E-5
7.068325978709235E-5
7.038203196721298E-5
7.07507429802531E-5
7.134099712818296E-5
7.216040166923714E-5
7.243557924086614E-5
7.31841707095943E-5
7.332897793351187E-5
7.351802015342398E-5
7.366778744710016E-5
7.334027784558279E-5
7.329675423358365E-5
7.357890307368917E-5
7.375434079578462E-5
7.322036953655933E-5
7.351292167230683E-5
7.349681133849509E-5
7.328879063693692E-5
7.310414665718866E-5
7.226466019172906E-5
7.29590900145345E-5
7.318781147365543E-5
7.342706496105697E-5
7.288552146452274E-5
7.253567503727165E-5
7.267974934709094E-5
7.258729382628066E-5
7.257118813880963E-5
7.256878558931626E-5
7.25099058749259E-5
7.25904642159574E-5
7.307515243477212E-5
7.401099118739479E-5
7.420043417699175E-5
7.424318204631276E-5
7.428484730442325E-5
7.47835068525126E-5
7.504249147131947E-5
7.48886491566345E-5
7.522237984709218E-5
7.514556148674752E-5
7.529451763440986E-5
7.519048436193063E-5
7.523310281482045E-5
7.483817581610547E-5
7.485796045970647E-5
7.578902477134645E-5
7.607961084922202E-5
7.567380805766498E-5
7.572165801408052E-5
7.594065599859146E-5
7.516597733809822E-5
7.502584199192939E-5
7.541686633981365E-5
7.574688957527458E-5
7.60042421076514E-5
7.591769291075068E-5
7.597094691066902E-5
7.673964591417348E-5
7.644345405119832E-5
7.584139374403531E-5
7.553815126183767E-5
7.506872607124225E-5
7.514942803808127E-5
7.504259142033198E-5
7.415549212182823E-5
7.41511022395307E-5
7.324628453314722E-5
7.363106468274449E-5
7.336645512423987E-5
7.322185947955469E-5
7.377934127567284E-5
7.398286124397644E-5
7.444346481994572E-5
7.4754390944455E-5
7.450283947112365E-5
7.537027770461445E-5
7.543370646230536E-5
7.462301244268168E-5
7.567737584945978E-5
7.497212494823566E-5
7.482490519617389E-5
7.453637831426557E-5
7.484341353160908E-5
7.475553298233803E-5
7.51937298195987E-5
7.509114464785723E-5
7.533951660231292E-5
7.558973054593402E-5
7.5972023237708E-5
7.608666079684472E-5
7.605036421867577E-5
7.574241917945969E-5
7.60081103174895E-5
7.533245106129846E-5
7.541711195365716E-5
7.566614960030483E-5
7.633554075338301E-5
7.656915927135972E-5
7.702302670037604E-5
7.656868692225366E-5
7.650527213027717E-5
7.752591812537298E-5
7.719122593412655E-5
7.675652035696626E-5
7.754368582675122E-5
7.718981642679085E-5
7.69657765492201E-5
7.745203835434634E-5
7.756011793797095E-5
7.80043567966174E-5
7.810855911969303E-5
7.794104313476802E-5
7.851468752204708E-5
7.850394833450777E-5
7.980769030994364E-5
8.035168024195143E-5
8.083956896032178E-5
8.059694672488146E-5
8.058491567720047E-5
8.00146595276844E-5
7.971767106184578E-5
7.942282314348466E-5
7.970241305645173E-5
8.016682746840007E-5
8.011186653841935E-5
8.010429074436079E-5
8.033015121518561E-5
7.986444720638646E-5
7.973251991543432E-5
8.071800113215738E-5
8.169742017776847E-5
8.123785352703648E-5
8.143042728869811E-5
8.236121566519498E-5
8.259913732417096E-5
8.241761683433108E-5
8.239049525527138E-5
8.2568412778332E-5
8.240112439771789E-5
8.164782144199673E-5
8.255881274995291E-5
8.217692222633689E-5
8.22481784861696E-5
8.210100443871427E-5
8.131968167927268E-5
8.149023050308944E-5
8.10117887512014E-5
8.11122223383559E-5
8.184287832392568E-5
8.178498037260043E-5
8.14704721296587E-5
8.13315243184449E-5
8.115878913162589E-5
8.190896004272853E-5
8.205727260760056E-5
8.166417058333263E-5
8.112589197702752E-5
8.141311044303746E-5
8.10949932010537E-5
8.082115521705028E-5
8.0994107563648E-5
8.085077757465366E-5
8.120726943796173E-5
8.179359197386453E-5
8.20105630037812E-5
8.224116523073734E-5
8.187527263222041E-5
8.067326981413188E-5
8.058892812456437E-5
8.089529661389716E-5
8.169627487633258E-5
8.176088373858473E-5
8.172911082248958E-5
8.17122037075679E-5
8.186560301835269E-5
8.161909332271427E-5
8.19497988416878E-5
8.194261582606169E-5
8.154462079498819E-5
8.177586057244234E-5
8.160319651203959E-5
8.170194030270482E-5
8.241908889091343E-5
8.249779649177208E-5
8.328426468407241E-5
8.381618408658651E-5
8.421289346888083E-5
8.678609318766679E-5
8.658243208232655E-5
8.663128538102151E-5
8.712805799332833E-5
8.726897772391857E-5
8.812698398979141E-5
8.840210103147388E-5
8.875744984901579E-5
8.821843749501174E-5
8.86727663456484E-5
8.870133909718322E-5
8.780135478288719E-5
8.74387918913803E-5
8.70310588291735E-5
8.68920423399946E-5
8.709166707270745E-5
8.724528863591879E-5
8.761878277848705E-5
8.745198524131135E-5
8.752613202418792E-5
8.773909782719545E-5
8.702672388925594E-5
8.682363245360402E-5
8.69825968488068E-5
8.68345919188862E-5
8.632237099143987E-5
8.594232526766633E-5
8.561547597244359E-5
8.621682675533608E-5
8.683138742839141E-5
8.659906433431351E-5
8.692639917626702E-5
8.668878501034851E-5
8.699397989230983E-5
8.69865611253883E-5
8.664787275312343E-5
8.611501020993172E-5
8.628207842247053E-5
8.65672667893199E-5
8.6027054727567E-5
8.584924699690643E-5
8.583027500399566E-5
8.566089143469637E-5
8.586249923433811E-5
8.550063492960144E-5
8.579577731100155E-5
8.55294016102133E-5
8.584024341394157E-5
8.578909390322577E-5
8.55146916671226E-5
8.502831338588624E-5
8.457192554904545E-5
8.413832754726039E-5
8.444152227448906E-5
8.43095940610629E-5
8.466486025553712E-5
8.448715306130994E-5
8.469784822886266E-5
8.446690156921262E-5
8.481643502699687E-5
8.46029980660597E-5
8.438757503405102E-5
8.426549561770777E-5
8.37156070690692E-5
8.397483271496677E-5
8.370533787316064E-5
8.335603898085911E-5
8.298644817786068E-5
8.320425487866793E-5
8.40595325406039E-5
8.428395325920487E-5
8.417650959229248E-5
8.416837557532998E-5
8.40994700175404E-5
8.395534030077694E-5
8.340875624361759E-5
8.397862249470716E-5
8.443575765246538E-5
8.436445072244361E-5
8.463509969144734E-5
8.52498439320628E-5
8.574012715877648E-5
8.514006077729458E-5
8.54096158149457E-5
8.567060129299635E-5
8.578950725754505E-5
8.587411886506129E-5
8.604415724933666E-5
8.572900274233805E-5
8.581696231418131E-5
8.579465926418597E-5
8.633147368788262E-5
8.567593141968515E-5
8.555183278392801E-5
8.557941125860646E-5
8.603827290890224E-5
8.573561402073251E-5
8.585947545124614E-5
8.634185592661941E-5
8.639317663930363E-5
8.643168106587385E-5
8.563809723565374E-5
8.546394113841155E-5
8.574636956674209E-5
8.587734840941469E-5
8.592778064681713E-5
8.592793456123826E-5
8.646441864642793E-5
8.58461781538885E-5
8.613017306832394E-5
8.609812550339219E-5
8.590504482231686E-5
8.549290141116435E-5
8.508125184984589E-5
8.472675483128264E-5
8.466939884972359E-5
8.476770192769489E-5
8.405795848310075E-5
8.436520232249487E-5
8.425046536889833E-5
8.372470245366907E-5
8.373642152572706E-5
8.330665221004626E-5
8.359451788028152E-5
8.32847272412905E-5
8.358555218374142E-5
8.306583926553693E-5
8.288082383966555E-5
8.27399606283031E-5
8.252892588398135E-5
8.253205176918993E-5
8.207363528803286E-5
8.176779720418027E-5
8.158542491205475E-5
8.157201134491155E-5
8.146218289997182E-5
8.128732815586E-5
8.098885075436347E-5
8.102665723247152E-5
8.115065124641877E-5
8.167338456753544E-5
8.207590276419963E-5
8.237235395793179E-5
8.248905970115781E-5
8.21570351859417E-5
8.22572849538769E-5
8.195455864268041E-5
8.211588238768738E-5
8.220690092979987E-5
8.186036203752082E-5
8.155713794611005E-5
8.144556937758946E-5
8.063913678908184E-5
8.086728752125784E-5
8.040114107113389E-5
8.043615949307864E-5
8.05102770362489E-5
8.06369430815899E-5
8.041660918325691E-5
8.048787585057565E-5
8.0199076258809E-5
7.99727057047943E-5
7.989684487281912E-5
8.006014938016055E-5
7.893394957128842E-5
7.802848013856674E-5
7.787717228741757E-5
7.826615042333667E-5
7.883153085339712E-5
7.953981126070553E-5
7.932928362168319E-5
7.904521905508505E-5
7.888133313268725E-5
7.879979692555948E-5
7.874642565294438E-5
7.91359484516343E-5
7.864767387231232E-5
7.879837440003519E-5
7.932061044922042E-5
7.989390368114295E-5
7.980854220802901E-5
7.976998036219645E-5
7.969402074667905E-5
8.035934288776905E-5
8.040946651645773E-5
8.090678940840212E-5
8.101672517440364E-5
8.107090333461358E-5
8.148338929871771E-5
8.081806540065617E-5
8.127062563505448E-5
8.17157717324417E-5
8.162842918377619E-5
8.104281097554953E-5
8.078729385506474E-5
8.058814671125292E-5
8.020203055380287E-5
8.039656837414546E-5
8.006621799710662E-5
7.993951336948914E-5
8.000611802405635E-5
7.98979764706074E-5
8.007331606033661E-5
7.983035540394221E-5
8.004049619056459E-5
8.041302364942376E-5
8.06593910511474E-5
8.06907104182561E-5
8.04863602333938E-5
8.058627346523185E-5
8.117857057466578E-5
8.107562482294746E-5
8.072395084353529E-5
8.05455518191453E-5
7.996878871710472E-5
8.081639273068109E-5
8.0916551007826E-5
8.048870403465392E-5
8.091274493564485E-5
8.098482685380188E-5
8.098069096099286E-5
8.095423184186433E-5
8.132376096970674E-5
8.096265743831223E-5
8.085184407139148E-5
8.069630311867708E-5
8.02985873178076E-5
8.003325475975225E-5
7.969249850163574E-5
8.011438805250621E-5
8.029203983519505E-5
8.055594116187157E-5
8.003894992051807E-5
7.999331585486747E-5
8.005257081989347E-5
8.004896042683888E-5
8.038726159777095E-5
8.06912279754777E-5
8.060398175552918E-5
7.977184147492132E-5
7.999350353588609E-5
7.967116039507521E-5
7.954863595525454E-5
7.983144867766557E-5
7.987602437561622E-5
7.995279712081148E-5
8.016763401265014E-5
8.034873158498817E-5
8.04109937980178E-5
8.046143261406351E-5
8.019983610937201E-5
8.032721878097702E-5
8.06841122432305E-5
8.073868686522042E-5
8.052500933876375E-5
8.054058998335008E-5
8.003359773088906E-5
7.970046509554087E-5
7.988119267065341E-5
8.009868487254346E-5
7.916158686840256E-5
7.964493112512217E-5
7.930985905548096E-5
7.918476321180885E-5
7.88492492379343E-5
7.928311377171867E-5
7.939003745174284E-5
7.891253730197603E-5
7.858197878762281E-5
7.87100021565553E-5
7.88811207502674E-5
7.913617192277174E-5
7.948117267677555E-5
7.926881318485615E-5
7.961088555725989E-5
7.954669970923683E-5
7.949436479895169E-5
7.9835921360968E-5
7.97536396450226E-5
8.018052166482072E-5
8.07518048092678E-5
8.086827906995183E-5
8.157770253195697E-5
8.254419364535918E-5
8.26759056525821E-5
8.297239982514938E-5
8.270756846652268E-5
8.249316400481656E-5
8.207637603783262E-5
8.252011603032908E-5
8.26720333398861E-5
8.263270999278165E-5
8.332764464697146E-5
8.292259544642588E-5
8.259010260145888E-5
8.251444784379932E-5
8.355837576528141E-5
8.30821092958761E-5
8.32387940160024E-5
8.331609368126977E-5
8.34382999531322E-5
8.3686743298688E-5
8.360367261361901E-5
8.357293199074506E-5
8.32121958759033E-5
8.324740007627842E-5
8.271481650459638E-5
8.310090659555171E-5
8.260694358754808E-5
8.264495179705944E-5
8.24551746574609E-5
8.217553694526996E-5
8.222823171820373E-5
8.241902251744705E-5
8.228677109918165E-5
8.215893281992347E-5
8.217526711320028E-5
8.24290770014324E-5
8.225481826196193E-5
8.26281605498674E-5
8.216925194336186E-5
8.220524821960888E-5
8.198483237334952E-5
8.210072403506994E-5
8.22751183890872E-5
8.275838014828889E-5
8.291432146878566E-5
8.343834990308392E-5
8.352812260811079E-5
8.340337346267652E-5
8.340048004040239E-5
8.373357587816984E-5
8.373122666616391E-5
8.422795567206925E-5
8.38486768878253E-5
8.34898385297744E-5
8.359416926541427E-5
8.3763835060304E-5
8.374711092507922E-5
8.34323305644993E-5
8.373384524723323E-5
8.334688114244519E-5
8.379981499157001E-5
8.414410801463672E-5
8.575647529477291E-5
8.606001020301512E-5
8.602476829256432E-5
8.620666356260198E-5
8.61774687040517E-5
8.668300299719835E-5
8.743215180357192E-5
8.742881792773859E-5
8.748346352917078E-5
8.735589776370767E-5
8.72507021667254E-5
8.783289875826388E-5
8.759273574017305E-5
8.71929426982503E-5
8.750200074184604E-5
8.784334171631844E-5
8.724118404726602E-5
8.772966387194533E-5
8.774278712667265E-5
8.764041130279784E-5
8.773980721221493E-5
8.753813816306623E-5
8.718359518976322E-5
8.695025200759432E-5
8.658297369315652E-5
8.680901433073521E-5
8.676529831202711E-5
8.623247464895924E-5
8.657487986753236E-5
8.711787894124113E-5
8.684460789307851E-5
8.690328373781928E-5
8.675437143255492E-5
8.636440745480395E-5
8.59031219681654E-5
8.528695581273164E-5
8.566485397104164E-5
8.695765171344002E-5
8.705162934133273E-5
8.71227039912645E-5
8.580433058129412E-5
8.547456434360775E-5
8.540163569631406E-5
8.546624805500488E-5
8.561815133361153E-5
8.565818492673134E-5
8.57723374250455E-5
8.562984835130474E-5
8.602901990854354E-5
8.614565635595895E-5
8.654143171701498E-5
8.674763976573984E-5
8.65159803975462E-5
8.57960469599728E-5
8.551150632992576E-5
8.54313533957104E-5
8.528016819953142E-5
8.499288823722753E-5
8.400668107012535E-5
8.394217078511088E-5
8.418919964234011E-5
8.401402219619565E-5
8.404473768455684E-5
8.389941360719425E-5
8.350283471449226E-5
8.327774219645497E-5
8.383122920955125E-5
8.414490081219945E-5
8.405446542574796E-5
8.356011048422525E-5
8.309863706529697E-5
8.313524728860247E-5
8.264896110319727E-5
8.307289853047936E-5
8.32030676939776E-5
8.356645527677528E-5
8.25806700736631E-5
8.234803331458475E-5
8.185192596347466E-5
8.141779266642171E-5
8.162895098510699E-5
8.144165193644638E-5
8.162286342755584E-5
8.21152763786898E-5
8.167826507036441E-5
8.177481293163419E-5
8.153641578806899E-5
8.185794919990226E-5
8.215178103067258E-5
8.238170178826666E-5
8.224914346817479E-5
8.13659172741031E-5
8.119710671607859E-5
8.131418535721012E-5
8.182869580028931E-5
8.162471835204575E-5
8.162976109953083E-5
8.178701130918579E-5
8.194535866962883E-5
8.143020505376792E-5
8.198986605416178E-5
8.093798053513418E-5
8.045750558570253E-5
8.056350214386639E-5
8.088271216374883E-5
8.126872806148146E-5
8.096867236210561E-5
8.053620655474868E-5
7.983154529034135E-5
7.989495278812024E-5
8.004709050846518E-5
8.009787228926467E-5
8.152310510293627E-5
8.161485600708051E-5
8.227058984958265E-5
8.185210382162507E-5
8.207348256555049E-5
8.207036992170874E-5
8.221100556932946E-5
8.3028826823336E-5
8.295320826652682E-5
8.291122301863934E-5
8.248387205531104E-5
8.254240508257192E-5
8.206042604375489E-5
8.24416081427198E-5
8.264027152772844E-5
8.289588231040735E-5
8.301303296904718E-5
8.328427615812482E-5
8.408320502868878E-5
8.331496299262478E-5
8.26506824102914E-5
8.248522542156593E-5
8.178219777222942E-5
8.274146306233658E-5
8.30605673942368E-5
8.358831622872178E-5
8.317991926591598E-5
8.284860752999544E-5
8.225125462229892E-5
8.122753157115481E-5
8.011301295598757E-5
8.018962395034854E-5
8.121844803650318E-5
8.108861538270597E-5
8.126415660494666E-5
8.137672230994145E-5
8.123189827657649E-5
8.185174282246397E-5
8.134662997067468E-5
8.197164680768356E-5
8.215137831486813E-5
8.244547836179374E-5
8.18164868547734E-5
8.13476914742494E-5
8.098431409453018E-5
8.14462643140284E-5
8.066587130705526E-5
8.079594785832236E-5
8.103929511857934E-5
8.080960866359028E-5
8.11340311073333E-5
8.12232514856851E-5
8.102617783950687E-5
8.110344765530569E-5
8.055111523482569E-5
8.076245169006546E-5
8.055295050006262E-5
8.023349596634493E-5
8.036128685913402E-5
8.04198989985595E-5
8.108043557467243E-5
8.088102329556747E-5
8.061566768392238E-5
8.000425758691687E-5
7.988855328648388E-5
7.971303653802284E-5
7.975606582991206E-5
7.985407477180051E-5
7.952219974617345E-5
7.925484783117955E-5
7.928750536651406E-5
7.958477568539268E-5
7.945432598724615E-5
7.88328579673815E-5
7.861239397745179E-5
7.887431814661087E-5
7.859072982160767E-5
7.835956618345067E-5
7.898595165922804E-5
7.897387735060768E-5
7.866209868206306E-5
7.834912773949649E-5
7.850444599250462E-5
7.889478698666897E-5
7.952239166189525E-5
7.988092936541888E-5
8.076690849799425E-5
8.064885315132635E-5
8.10007117202132E-5
8.055274305148232E-5
8.030630300493249E-5
8.035591033850426E-5
8.038316722974326E-5
8.012778257514913E-5
8.037949637010725E-5
8.084150445878851E-5
8.119849550444367E-5
8.148783365931668E-5
8.11973513578811E-5
8.072161374879085E-5
8.065754116989016E-5
8.087608978660934E-5
8.067384474056346E-5
8.070103142585535E-5
8.061589776659698E-5
8.065736300715995E-5
8.05711244477119E-5
8.003199165362142E-5
7.984080506197032E-5
7.988807471099683E-5
7.975952278978845E-5
7.954550468137751E-5
7.953094120095747E-5
7.970529552289809E-5
7.959645954323756E-5
8.003865340643908E-5
7.963719562512147E-5
8.028220033530317E-5
8.009185831081782E-5
8.072239873435436E-5
8.070714620050599E-5
8.027205244388881E-5
8.04142161669435E-5
8.055887046363579E-5
8.12682356388783E-5
8.156075854740852E-5
8.132594845404185E-5
8.144417330495352E-5
8.125354113699606E-5
8.12160241438586E-5
8.057631696363815E-5
8.069239424337364E-5
8.013260215105112E-5
8.061820252334535E-5
8.077796901787537E-5
8.067963879077215E-5
8.08145163709028E-5
8.059860747551815E-5
8.079977937844268E-5
8.045014836011727E-5
8.009683208467123E-5
8.022778108426979E-5
8.02854955294771E-5
8.027523615451279E-5
8.024386846268585E-5
7.974647822998131E-5
7.959743254159624E-5
7.948474934985093E-5
7.948003734334961E-5
7.968697297235287E-5
7.995388721915452E-5
8.002242270653528E-5
7.992884105832972E-5
7.983228806433536E-5
7.979945191084388E-5
7.975524879175007E-5
7.9499913317811E-5
7.940896560522665E-5
7.949920155385406E-5
7.964236245711328E-5
7.915001095948487E-5
7.955680892860407E-5
7.902077404243015E-5
7.952847380539809E-5
7.931938192000028E-5
7.895463028526933E-5
7.904861711283318E-5
7.868356341726174E-5
7.857392724261789E-5
7.87029397181481E-5
7.876213647176845E-5
7.934640294747572E-5
7.939347601754025E-5
7.89418808110513E-5
7.83508244188282E-5
7.777842512391554E-5
7.809393857278155E-5
7.799711214620273E-5
7.745405074793447E-5
7.723382165196916E-5
7.752481740564001E-5
7.78051304416547E-5
7.738400271473165E-5
7.71461058021927E-5
7.719955824407429E-5
7.742725370519116E-5
7.744947624817003E-5
7.791256291303197E-5
7.763430912209082E-5
7.800624841539441E-5
7.871942345422016E-5
7.903149452321826E-5
7.890908668308629E-5
7.854584214400415E-5
7.837020936915795E-5
7.803257186827832E-5
7.81644356080467E-5
7.808575528336404E-5
7.81229545566715E-5
7.79299828993562E-5
7.842643015920478E-5
7.785308392612113E-5
7.750262524420421E-5
7.787789576512807E-5
7.787991008453115E-5
7.751843331455904E-5
7.745111826468297E-5
7.740594148345853E-5
7.788678547697695E-5
7.797609293518436E-5
7.833350229495884E-5
7.853819193898425E-5
7.856805808277889E-5
7.891297727630138E-5
7.894610287951015E-5
7.87754088332971E-5
7.89757494492411E-5
7.959860514951904E-5
7.979692468335222E-5
7.96271340680494E-5
7.982892074217823E-5
8.030055408058607E-5
8.014715524259501E-5
8.051592027202774E-5
8.055738934877038E-5
8.014415096842257E-5
8.051186590934804E-5
8.028772085949942E-5
8.02040296018914E-5
8.033648417966858E-5
8.032362380930972E-5
8.001597514325255E-5
7.996390395135311E-5
8.039029214199181E-5
8.021747977148732E-5
7.964063254880196E-5
7.898237615961163E-5
7.91341788667426E-5
7.89775375266867E-5
7.861625388962942E-5
7.869196388949766E-5
7.847272588025664E-5
7.85049398036233E-5
7.836272448666728E-5
7.774489863336722E-5
7.694897767601588E-5
7.696283734057094E-5
7.668106437657125E-5
7.701053659693534E-5
7.672999072904976E-5
7.664906851240891E-5
7.677908719082745E-5
7.710305125005762E-5
7.69310880243938E-5
7.773496648694801E-5
7.772578692477833E-5
7.795760957629137E-5
7.783212766035678E-5
7.847017584407141E-5
7.801160365953896E-5
7.734693434056015E-5
7.691277719243389E-5
7.71071485752498E-5
7.676833748928203E-5
7.700816144600943E-5
7.696771647833327E-5
7.673157501801653E-5
7.65234490203359E-5
7.670411439607363E-5
7.6805442414067E-5
7.693341897151833E-5
7.676537928830229E-5
7.625739892048275E-5
7.638620197040978E-5
7.601875504402484E-5
7.558552632448442E-5
7.599174648114798E-5
7.635756631180033E-5
7.640541372743111E-5
7.656277667688626E-5
7.692308572702676E-5
7.70691290854674E-5
7.696973042144387E-5
7.701391974408646E-5
7.671262531612881E-5
7.695558435959589E-5
7.721044942459484E-5
7.75930224079525E-5
7.759499667691712E-5
7.675235340660517E-5
7.652304781726896E-5
7.580179037634196E-5
7.56638086997335E-5
7.590240897328836E-5
7.573591418845884E-5
7.612278071878838E-5
7.67272285472617E-5
7.659305153592225E-5
7.664878922052486E-5
7.643433035201752E-5
7.652981760245507E-5
7.639398848849113E-5
7.66076293747575E-5
7.615462501658513E-5
7.643857715085615E-5
7.643506069822685E-5
7.628196590435091E-5
7.614253762789849E-5
7.641717037224051E-5
7.59798882791277E-5
7.575275920158863E-5
7.569067139827374E-5
7.576177774707965E-5
7.605533327892398E-5
7.60578177189211E-5
7.618551642652974E-5
7.59464470116033E-5
7.552012748731997E-5
7.575588353748526E-5
7.558841770417519E-5
7.522078696037217E-5
7.526259741713909E-5
7.503404635863086E-5
7.61780428413796E-5
7.635283335312834E-5
7.629026915684257E-5
7.614154649054618E-5
7.627932851363027E-5
7.647298499435577E-5
7.645566424674388E-5
7.652857334757886E-5
7.737046592195217E-5
7.67329133663304E-5
7.713291894140086E-5
7.659142487016124E-5
7.59832638253793E-5
7.615876482022767E-5
7.592879419211863E-5
7.558024756501647E-5
7.520394422381455E-5
7.551538483206858E-5
7.502431619137947E-5
7.557364769167008E-5
7.58107437337169E-5
7.601774055315167E-5
7.588606942835671E-5
7.609399286377503E-5
7.616101141877114E-5
7.617206919046704E-5
7.614651488750771E-5
7.604541727650799E-5
7.647835553551243E-5
7.670912615020274E-5
7.782046910595822E-5
7.790629689263099E-5
7.829775059966214E-5
7.80812155592748E-5
7.84249624005199E-5
7.869756296202819E-5
7.900388086336882E-5
7.939342311420535E-5
7.94463205904418E-5
7.970215660720118E-5
7.940033731137271E-5
8.012134560186803E-5
8.00429281954289E-5
7.925175728672681E-5
7.881364163851494E-5
7.853702365822433E-5
7.900398908054083E-5
7.884627505168368E-5
7.827480309845448E-5
7.828622128590963E-5
7.848105912912461E-5
7.878011773328678E-5
7.872495603637287E-5
7.867958301392294E-5
7.876416777835461E-5
7.90167263895044E-5
7.878702568393175E-5
7.859408274062868E-5
7.917038357819281E-5
7.975523933619626E-5
7.990787408075017E-5
8.010660484122709E-5
8.000707250683727E-5
7.99321514763813E-5
7.997111058503616E-5
8.021556621114884E-5
7.968632004849906E-5
7.990501166336339E-5
7.986404579962637E-5
8.003555768502947E-5
8.010230162983847E-5
7.999019612946205E-5
7.991360974442111E-5
7.954096484824884E-5
7.979774498870795E-5
8.040786319470642E-5
8.031813178762703E-5
8.030848638926666E-5
8.017544849424363E-5
8.061750219725385E-5
8.040631177260109E-5
8.003591209826477E-5
8.00262458453014E-5
8.030267398835894E-5
8.01345241330531E-5
8.032623557400317E-5
8.023979295928739E-5
8.048897373357247E-5
8.054399459494986E-5
8.032408445814995E-5
8.022371753991207E-5
8.0281800559439E-5
8.011459062805764E-5
7.998408642627827E-5
8.093975735895283E-5
8.089057455335962E-5
8.108805127213466E-5
8.09296657336539E-5
8.092881039580539E-5
8.056655214033858E-5
8.076134454274515E-5
8.002227669977117E-5
8.007073828395434E-5
8.033847856335878E-5
8.07638680004453E-5
8.07050276892353E-5
8.168156857610001E-5
8.193955866218836E-5
8.160268937965637E-5
8.246119710934867E-5
8.253758957528906E-5
8.236994458911774E-5
8.20283764836283E-5
8.223615846808145E-5
8.142321064777834E-5
8.095852184447144E-5
8.03132770642927E-5
8.055572004576401E-5
7.99622527219912E-5
8.023572023537371E-5
8.07132270210792E-5
8.043187942680718E-5
7.926506534196321E-5
7.881814118733558E-5
7.868366234892325E-5
7.882163233264012E-5
7.919116602443428E-5
7.909885768329402E-5
7.897454601695346E-5
7.827050968708225E-5
7.764663435480514E-5
7.724369721035671E-5
7.750017461013378E-5
7.741031320460798E-5
7.742778065233167E-5
7.724063587682919E-5
7.699813887912601E-5
7.691347030813051E-5
7.607254677869186E-5
7.618715332470572E-5
7.624022904700657E-5
7.597611952420879E-5
7.616452538446316E-5
7.621096557329175E-5
7.631112883190572E-5
7.728044659972574E-5
7.730569282374272E-5
7.760152749994107E-5
7.705413680523303E-5
7.67786184664591E-5
7.663507186757069E-5
7.682240744122447E-5
7.646534877763748E-5
7.666491399611697E-5
7.611407438982862E-5
7.593517126579472E-5
7.66872267545366E-5
7.670980970203888E-5
7.656183968065374E-5
7.659923111955701E-5
7.669467556850292E-5
7.635415740447137E-5
7.605073245073211E-5
7.649684204749748E-5
7.682895030814747E-5
7.677366909549337E-5
7.714466951878174E-5
7.735451827989336E-5
7.726436032700373E-5
7.695937562091146E-5
7.716785866233999E-5
7.61475510668284E-5
7.558974160415804E-5
7.478874780734304E-5
7.4201483184448E-5
7.433840683273763E-5
7.452273484528326E-5
7.471229645533569E-5
7.52444301784828E-5
7.515490290570824E-5
7.522368135649162E-5
7.503465279461123E-5
7.519808653165686E-5
7.532650546741858E-5
7.532055227053661E-5
7.527089428555689E-5
7.477021061618617E-5
7.480852652308207E-5
7.41967034914375E-5
7.398396644685004E-5
7.371370955492743E-5
7.373578874911229E-5
7.365421967382484E-5
7.409198129115801E-5
7.402788577490217E-5
7.485934487997291E-5
7.47471688840349E-5
7.446919897787862E-5
7.432392005915999E-5
7.407000012552065E-5
7.38386541930584E-5
7.375225442377466E-5
7.389168287083016E-5
7.405392052963954E-5
7.465869260766517E-5
7.493059333016168E-5
7.502404883633129E-5
7.510956301593458E-5
7.514403521978695E-5
7.499224711353572E-5
7.516233124012322E-5
7.51769604469858E-5
7.558758860505149E-5
7.565472238542495E-5
7.571834553160896E-5
7.60965965805178E-5
7.574654694578169E-5
7.605272333351722E-5
7.631558869956328E-5
7.666078307599867E-5
7.672474046633163E-5
7.62293023517046E-5
7.629707254876118E-5
7.580062890461542E-5
7.575612717915706E-5
7.600060558230515E-5
7.622754514610283E-5
7.600049143592321E-5
7.597980379788376E-5
7.66203266971136E-5
7.646910088849458E-5
7.736294177139196E-5
7.708083625811897E-5
7.783608494401645E-5
7.755364706627348E-5
7.78923442068016E-5
7.770157838292423E-5
7.836718459969426E-5
7.833305509565238E-5
7.845485627626398E-5
7.773718363658018E-5
7.748683666931503E-5
7.751704321905659E-5
7.732848869680836E-5
7.726274365261108E-5
7.720877845752585E-5
7.721847244217843E-5
7.685294990480881E-5
7.679998946099012E-5
7.654849577665467E-5
7.598569387413393E-5
7.614567514352813E-5
7.619063109347605E-5
7.636600316273455E-5
7.61593436232086E-5
7.594886911361625E-5
7.607180779832631E-5
7.669197366350064E-5
7.713288370319575E-5
7.79691301951655E-5
7.766554909072079E-5
7.80265626716799E-5
7.855905272544576E-5
7.812282982058216E-5
7.834783015155165E-5
7.85933347469971E-5
7.8189551019812E-5
7.775723802997731E-5
7.71020269258215E-5
7.686609400809342E-5
7.667526690634885E-5
7.63308839357285E-5
7.610342378175892E-5
7.583402020593569E-5
7.618028375209373E-5
7.639711587214418E-5
7.500074461854913E-5
7.480219433855716E-5
7.540313143500296E-5
7.566443584790743E-5
7.611153056907583E-5
7.603017752040845E-5
7.548797304630758E-5
7.518703831703222E-5
7.560521687597461E-5
7.540439611110419E-5
7.57522198667687E-5
7.638503521482282E-5
7.758172093199147E-5
7.754380524476469E-5
7.828436237369972E-5
7.781376393093642E-5
7.825026303478031E-5
7.809291798197971E-5
7.796083747900714E-5
7.798577825773074E-5
7.798209208754289E-5
7.80324665089776E-5
7.796623243421667E-5
7.78597462239356E-5
7.841690872357549E-5
7.849431139367122E-5
7.831560101004984E-5
7.802654767793014E-5
7.834918745592763E-5
7.828576398347096E-5
7.843867338166046E-5
7.810097352784307E-5
7.81350082313398E-5
7.805821434891635E-5
7.818921648582133E-5
7.910634562258194E-5
7.901598411873693E-5
7.986272612712039E-5
7.896113731829936E-5
7.912228694553472E-5
7.895416389702562E-5
7.95480554427664E-5
7.969029091237704E-5
7.967543063312935E-5
7.937456268121856E-5
7.890663002706591E-5
7.906165610250352E-5
7.882838479513294E-5
7.886443529481289E-5
7.870529691335782E-5
7.872033462479192E-5
7.832340226542658E-5
7.859250370072509E-5
7.847566864762864E-5
7.906447177371394E-5
7.888403310543076E-5
7.882139073265536E-5
7.870556568202459E-5
7.874873497253522E-5
7.866537764389008E-5
7.871854393002983E-5
7.882435042711996E-5
7.93821363196401E-5
7.942094359090899E-5
8.01209760343212E-5
8.013301848458353E-5
8.04723536109165E-5
8.02681411138531E-5
8.009027523777936E-5
7.908831527561327E-5
7.932868959787007E-5
7.948271709432161E-5
7.96178793270172E-5
7.939831192925493E-5
7.910252677386539E-5
7.921656075805865E-5
7.929142487099603E-5
7.914197971095586E-5
7.86097486294879E-5
7.871014274805556E-5
7.8758228239262E-5
7.909112086225025E-5
7.864323786229542E-5
7.872221865839615E-5
8.02186593228835E-5
8.065597334568182E-5
8.030838850782308E-5
8.068296560373145E-5
8.054061036031022E-5
8.031304053113443E-5
8.047610378840615E-5
8.085703416939698E-5
8.111666814605999E-5
8.175606044679547E-5
8.199911880986658E-5
8.229311298508917E-5
8.202777342515239E-5
8.229292656608313E-5
8.199884959253345E-5
8.198948718343841E-5
8.19404974974371E-5
8.217773286974453E-5
8.211814707035049E-5
9.018454302253887E-5
8.99589952462001E-5
9.025660056128145E-5
9.063258246624082E-5
9.043929858757065E-5
9.061686336839907E-5
9.090694137127471E-5
9.13208387161204E-5
9.150840711562933E-5
9.147444177800571E-5
9.166274309165997E-5
9.148637051026708E-5
9.02511471044625E-5
9.060276398931688E-5
9.056156146061578E-5
9.084726557280984E-5
9.09028477188965E-5
9.105761662270464E-5
9.061535693458767E-5
9.063093200583312E-5
9.029755633579573E-5
9.025423278104878E-5
9.015968501374972E-5
9.024694354291915E-5
8.935696203137075E-5
8.895713904009828E-5
8.835059982409394E-5
8.789383737410478E-5
8.742982203254661E-5
8.755236028857811E-5
8.79022290581781E-5
8.82717979806682E-5
8.873536728567247E-5
8.887419276152162E-5
8.881760179018997E-5
8.902092639667955E-5
8.94838679294551E-5
8.889747411733525E-5
8.947590827274412E-5
8.983243554321024E-5
8.959773459077877E-5
8.994939410714097E-5
8.998343410577282E-5
9.021054277703106E-5
9.053425041601553E-5
9.071099344186904E-5
9.14222382446813E-5
9.136047896707024E-5
9.180895784487136E-5
9.245480243704818E-5
9.210845609672425E-5
9.207298145827147E-5
9.202633505135903E-5
9.184490752060413E-5
9.135783051157673E-5
9.198138415129062E-5
9.191695378923865E-5
9.131492980423522E-5
9.09667018529873E-5
9.092454724605386E-5
9.120174129433517E-5
9.046614522994009E-5
9.07209437894655E-5
9.056718750714047E-5
9.088649924381369E-5
9.070893985870212E-5
9.081816738646963E-5
9.055890783816381E-5
9.063691118321242E-5
9.035172445326816E-5
9.092913945742275E-5
9.067868125088322E-5
9.113337105153379E-5
9.118798441181375E-5
9.19250236121121E-5
9.205745356899993E-5
9.209075859429698E-5
9.185509442608194E-5
9.18206298433466E-5
9.136124441234725E-5
9.085328605589786E-5
9.068056559024477E-5
9.056282397613787E-5
9.138909454594573E-5
9.093120398823712E-5
9.072194151267787E-5
9.060778875028272E-5
9.073281180888837E-5
9.058701398461748E-5
9.12123721311605E-5
9.07035849698502E-5
9.070781873875195E-5
9.056451675233857E-5
9.078702137295391E-5
9.045274383417257E-5
9.065781166805203E-5
9.104326988403593E-5
9.124006891235697E-5
9.101912021951989E-5
9.09546162112226E-5
9.15370440987812E-5
9.175297257330775E-5
9.180715232982091E-5
9.148940678475573E-5
9.179866975207368E-5
9.226635124127999E-5
9.230616779181832E-5
9.271324838849959E-5
9.283520359357203E-5
9.242118455666718E-5
9.301796935751324E-5
9.329208934652908E-5
9.336903116816278E-5
9.339983532739836E-5
9.413753722002348E-5
9.439720056509543E-5
9.456606499757502E-5
9.373440432219253E-5
9.386879234427221E-5
9.386311114822739E-5
9.389973759930033E-5
9.394597228880959E-5
9.458886060086069E-5
9.477812513300016E-5
9.472111122948105E-5
9.52364654765929E-5
9.463930374185316E-5
9.499745708984892E-5
9.50248890065009E-5
9.5527505194769E-5
9.542207850734277E-5
9.471604891772327E-5
9.427385924863131E-5
9.4384725577056E-5
9.42823419345321E-5
9.438692211689314E-5
9.392497705329778E-5
9.39394446155584E-5
9.448499017084443E-5
9.470979324249356E-5
9.483398086808556E-5
9.468831971539267E-5
9.506428071212569E-5
9.494608967017079E-5
9.501809638495257E-5
9.503899726888762E-5
9.330381553714675E-5
9.295628481157882E-5
9.261185859913253E-5
9.263880466495736E-5
9.275423263260342E-5
9.2499149365824E-5
9.258662123111548E-5
9.305682432454643E-5
9.354832301730818E-5
9.409586589625175E-5
9.476380219685552E-5
9.45485718936892E-5
9.423278867699215E-5
9.390200770668926E-5
9.42885646881465E-5
9.40386657553018E-5
9.386442810677518E-5
9.419873219894643E-5
9.398618121830764E-5
9.374602875112669E-5
9.394984069512254E-5
9.45791374281856E-5
9.443573722989256E-5
9.412248595360408E-5
9.427363029670328E-5
9.386412442948251E-5
9.34400246269545E-5
9.38636388826773E-5
9.404111393846008E-5
9.41313865221291E-5
9.421530472184219E-5
9.494119453666339E-5
9.522493750776403E-5
9.593769402900553E-5
9.552439256519914E-5
9.548392994148308E-5
9.561747575016161E-5
9.551822764412704E-5
9.561241617306627E-5
9.600335950962839E-5
9.612469165006761E-5
9.572375867674529E-5
9.511591338130132E-5
9.489967239427498E-5
9.550108340732173E-5
9.548274723768622E-5
9.53422118590765E-5
9.532700178490404E-5
9.596255984270881E-5
9.51644092674357E-5
9.516149757689618E-5
9.528419224669353E-5
9.54339396864011E-5
9.525956430189093E-5
9.597752970587109E-5
9.594411893562414E-5
9.622065461486099E-5
9.658345468956583E-5
9.518827945989256E-5
9.517539734500882E-5
9.557081655714312E-5
9.583846288311755E-5
9.564570678347628E-5
9.569530049995006E-5
9.62316754855822E-5
9.585819722872709E-5
9.604984622161221E-5
9.668197103057662E-5
9.688129970350536E-5
9.680009028447123E-5
9.657909976707652E-5
9.56767129058529E-5
9.48254939081714E-5
9.53222265913127E-5
9.547211563770388E-5
9.561532564897289E-5
9.535094034131058E-5
9.524737044355866E-5
9.48342837982709E-5
9.471283193160826E-5
9.478864977794575E-5
9.394639129073579E-5
9.385341280593567E-5
9.453276077578541E-5
9.49473223907518E-5
9.507515630892886E-5
9.506207560018904E-5
9.511090033165651E-5
9.494104432176883E-5
9.503594205720339E-5
9.454984689218976E-5
9.459352779043479E-5
9.472759841571038E-5
9.399521477947196E-5
9.414411201327914E-5
9.299013925787884E-5
9.442780277514892E-5
9.421453663638891E-5
9.451659836096805E-5
9.338000370108812E-5
9.302129025729657E-5
9.330400281958785E-5
9.387588759711254E-5
9.427793098731635E-5
9.419761691736023E-5
9.403206696788256E-5
9.320531931237302E-5
9.366283038785616E-5
9.328335837355297E-5
9.375786429707323E-5
9.355789410227647E-5
9.364610614147597E-5
9.33365037502718E-5
9.392879751247751E-5
9.388671506590135E-5
9.412366271417609E-5
9.442481899733737E-5
9.384041476564189E-5
9.434413365324173E-5
9.444876958452077E-5
9.473447017855285E-5
9.481685436394607E-5
9.522511045902758E-5
9.53969356502048E-5
9.561613389234446E-5
9.62420828633147E-5
9.627620883162433E-5
9.612040729212874E-5
9.574932270152478E-5
9.530393176882963E-5
9.497502304745014E-5
9.533023659505752E-5
9.510964648801918E-5
9.51468269606486E-5
9.452172165943373E-5
9.480211572422676E-5
9.487816913472799E-5
9.511992228291269E-5
9.528357369655634E-5
9.52643723977362E-5
9.50316843454309E-5
9.520323825813904E-5
9.542559019811384E-5
9.51859306151885E-5
9.560910710348316E-5
9.591458671210893E-5
9.589888754956971E-5
9.594072509995722E-5
9.565653433382986E-5
9.470632031272292E-5
9.403331251446334E-5
9.42832932992788E-5
9.491675318939253E-5
9.514763886489701E-5
9.494330664761055E-5
9.478134546555067E-5
9.46966576009034E-5
9.450412325398894E-5
9.451012151857924E-5
9.476359244394689E-5
9.470307765351883E-5
9.479880011145426E-5
9.488268262096774E-5
9.494735184067443E-5
9.484630462638803E-5
9.539285759427204E-5
9.5559470570274E-5
9.621507018765853E-5
9.644218854763105E-5
9.67481902467416E-5
9.654959543409514E-5
9.608850345496967E-5
9.530184249784628E-5
9.553576985495253E-5
9.480420870155258E-5
9.437588212013502E-5
9.408493810506371E-5
9.432557813253339E-5
9.399202333247071E-5
9.352838069156892E-5
9.329409789336841E-5
9.333332673671407E-5
9.310984324436205E-5
9.277832573439249E-5
9.29135919712521E-5
9.277544046317435E-5
9.294385907693904E-5
9.237891314177774E-5
9.232831841890466E-5
9.20248898386559E-5
9.19090542945338E-5
9.20755211018777E-5
9.185507138134728E-5
9.218125052314375E-5
9.27489301448775E-5
9.216672195348774E-5
9.237212428472463E-5
9.205094453836927E-5
9.227967656294326E-5
9.236585145041278E-5
9.254291144982602E-5
9.254077732134078E-5
9.20015611786397E-5
9.181424859948559E-5
9.214227104375805E-5
9.203287028222872E-5
9.254908235442165E-5
9.216241083467358E-5
9.277992557902232E-5
9.372619055173428E-5
9.505335227043725E-5
9.657205564068173E-5
9.654695058737926E-5
9.676347032202827E-5
9.776971654101752E-5
9.789792534357314E-5
9.729191598622433E-5
9.666142158585528E-5
9.7116475525652E-5
9.76553311576568E-5
9.764989045139459E-5
9.78852751437111E-5
9.771845811988108E-5
9.880063182485703E-5
9.747649356685605E-5
9.715126019329933E-5
9.694301492433465E-5
9.670196385440892E-5
9.708598353815482E-5
9.726618601701139E-5
9.780056821181296E-5
9.776818219850778E-5
9.805435501890637E-5
9.78316978184172E-5
9.75514110456167E-5
9.754521421700979E-5
9.755735136161258E-5
9.77605693332947E-5
9.862731888198437E-5
9.846242795146651E-5
9.885641331416033E-5
9.93554349521895E-5
9.920936065643018E-5
9.910844349245673E-5
9.969430188820248E-5
9.986632734175972E-5
9.92445655196228E-5
9.927735792028546E-5
9.944572046994208E-5
9.921836651351779E-5
9.900419616007732E-5
9.819898711782674E-5
9.825290028015587E-5
9.802995958545739E-5
9.761919972738809E-5
9.668965028312393E-5
9.632422662875453E-5
9.607056111687449E-5
9.638302070184616E-5
9.62830475557522E-5
9.625551037736047E-5
9.698324451376089E-5
9.666186625535745E-5
9.723440497579773E-5
9.730553966057101E-5
9.811715337514121E-5
9.825603205255065E-5
9.837811132046334E-5
9.812218993435021E-5
9.805793137296295E-5
9.828837090676184E-5
9.7784747647915E-5
9.793903512204236E-5
9.736074984015029E-5
9.786057105909006E-5
9.845888305401739E-5
9.857951642535546E-5
9.878432441105468E-5
9.939504566558915E-5
9.798584809834618E-5
9.760208679081549E-5
9.696198375675021E-5
9.689953410640734E-5
9.686011668026622E-5
9.630188324317222E-5
9.618256338786884E-5
9.596409259508251E-5
9.614589623834167E-5
9.621599441289472E-5
9.576106099624356E-5
9.574940059728318E-5
9.661374385095321E-5
9.630829994429094E-5
9.636247376043706E-5
9.595931524834238E-5
9.55391394865318E-5
9.500456979141635E-5
9.479694842279133E-5
9.5207053135859E-5
9.492438329630976E-5
9.549610625760407E-5
9.564077411617047E-5
9.509222063697209E-5
9.520705511198186E-5
9.516847331053248E-5
9.500156926261138E-5
9.532716954330449E-5
9.567884336733608E-5
9.561316472600995E-5
9.55294139919843E-5
9.571316051491742E-5
9.576326840778898E-5
9.613332488946845E-5
9.627912668248249E-5
9.524813737288495E-5
9.618349230304795E-5
9.54919036143498E-5
9.565247490699906E-5
9.604579963602941E-5
9.554003101388677E-5
9.561842390827905E-5
9.651425348275011E-5
9.726957111313915E-5
9.712876494755203E-5
9.748819133439242E-5
9.74755077358973E-5
9.752937735975314E-5
9.832973183710814E-5
9.839196082832175E-5
9.85105961669637E-5
9.777435147584829E-5
9.853635983050149E-5
9.824158764330385E-5
9.841969519301927E-5
9.692964515420879E-5
9.662749511882582E-5
9.640706831517265E-5
9.712434252564272E-5
9.668947483812936E-5
9.663745506716328E-5
9.703711253853594E-5
9.725567332384125E-5
9.76769763631809E-5
9.790617075615804E-5
9.798745474624627E-5
9.798349130770325E-5
9.793232853164268E-5
9.801384334955956E-5
9.736329374764017E-5
9.775115119352311E-5
9.737508961618639E-5
9.802553354022593E-5
9.810911289739925E-5
9.805902446199207E-5
9.79443541302158E-5
9.818516143979345E-5
9.804859499799554E-5
9.864925710860612E-5
9.934322230423302E-5
1.0009589134177155E-4
1.0077261916111755E-4
1.0108004623720733E-4
1.0186104579177457E-4
1.0196617924662914E-4
1.0154257650962125E-4
1.017393760821818E-4
1.0129616695021647E-4
9.992436824707944E-5
9.978871630480853E-5
1.0007235570037853E-4
1.002121287593216E-4
9.996627225364427E-5
1.0016656128930323E-4
9.999524370314017E-5
1.0021491791239503E-4
1.0044216301428736E-4
1.0004140806672086E-4
9.86969322811762E-5
9.937153280414597E-5
9.89335538336408E-5
9.862186016946169E-5
9.87478295218234E-5
9.921002531118645E-5
9.881147665792343E-5
9.816325143204387E-5
9.865850595412166E-5
9.75980193033742E-5
9.774450349354231E-5
9.790953500478723E-5
9.819166403749702E-5
9.833812642597972E-5
9.833809432186308E-5
9.837092091775554E-5
9.786179218530438E-5
9.858586915226789E-5
9.850188886355078E-5
9.836441650713973E-5
9.90195331905462E-5
9.879202946890998E-5
9.924091777300482E-5
1.0054993822188136E-4
9.991255217894061E-5
9.949589153807073E-5
9.910231525048526E-5
9.936682843071816E-5
9.962358171411047E-5
9.99214543047916E-5
1.0017159627501442E-4
1.0058315547136324E-4
9.991248813874827E-5
1.0137090804622467E-4
1.004278815513008E-4
1.0087196278771745E-4
1.0103130317614532E-4
1.0099644055016279E-4
1.0104732339119059E-4
1.021125173718732E-4
1.0228784846979246E-4
1.0199701912567033E-4
1.019846089706459E-4
1.0228122416887242E-4
1.0138304250793812E-4
1.013216344012897E-4
1.0168794650038948E-4
1.0009410483384306E-4
1.0046324788542633E-4
1.0070795133023244E-4
9.9746524270473E-5
1.0017520853479038E-4
1.0059379444059159E-4
1.0007306473542849E-4
9.992586346922502E-5
9.983141501820498E-5
1.0042130698182434E-4
9.990840335943914E-5
9.954848192810155E-5
9.938773948742991E-5
9.884673026447231E-5
9.898683365560142E-5
9.920288980922363E-5
9.935974836732211E-5
9.908556773842664E-5
9.912156354871558E-5
9.874249811583063E-5
9.862128109787465E-5
9.942906604343026E-5
1.0007968941486943E-4
9.980158168207286E-5
1.002200728174088E-4
9.976947050369045E-5
9.947206831274786E-5
9.920815131704368E-5
9.96951953584815E-5
9.949852066217006E-5
9.926345018002171E-5
9.834580101814024E-5
9.884490971039073E-5
9.892414679139348E-5
9.90435018627785E-5
9.925695215821345E-5
9.906197156315911E-5
9.780289693146777E-5
9.837717680686025E-5
9.831220115251212E-5
9.873243677446717E-5
9.861479308834227E-5
9.79762075317588E-5
9.747342625956232E-5
9.744382111458927E-5
9.756234615222129E-5
9.707289703173113E-5
9.647749913622509E-5
9.649797347036119E-5
9.619836541135503E-5
9.588595898177362E-5
9.556028641080703E-5
9.502892362850607E-5
9.500137102706994E-5
9.486071929154021E-5
9.508679330307913E-5
9.553908783020915E-5
9.5961201180789E-5
9.571165130402286E-5
9.618775575489244E-5
9.690226079399724E-5
9.654670851936829E-5
9.65113986111887E-5
9.631831381132389E-5
9.620352894298094E-5
9.598932957406896E-5
9.595075538863053E-5
9.61625178059614E-5
9.613210166047268E-5
9.615596309884002E-5
9.679216060302305E-5
9.731337067363723E-5
9.723751505551735E-5
9.764814934011631E-5
9.729175646124248E-5
9.773361160113616E-5
9.757030800786272E-5
9.813074555130827E-5
9.834247137934528E-5
9.808249598587162E-5
9.728516276904224E-5
9.679841037719557E-5
9.662176010670915E-5
9.611719227416339E-5
9.622026215440158E-5
9.604037754366819E-5
9.654555662444112E-5
9.676499680905734E-5
9.68724326559727E-5
9.583372421986546E-5
9.530630821857956E-5
9.448779794000924E-5
9.32806931093349E-5
9.319370939303203E-5
9.336527837578066E-5
9.319920521814121E-5
9.313621922966068E-5
9.276195032359399E-5
9.215997426387754E-5
9.245362314664212E-5
9.270205286612231E-5
9.315645515019405E-5
9.327383566836097E-5
9.354962278984385E-5
9.373880746402373E-5
9.374651324052578E-5
9.387208295320507E-5
9.397030254586158E-5
9.415749438482073E-5
9.368340788157224E-5
9.407134267807465E-5
9.434223973403217E-5
9.440264850946597E-5
9.459406232179743E-5
9.414850993645013E-5
9.460048753852853E-5
9.487945868558013E-5
9.454067778985916E-5
9.448032508342016E-5
9.474178754966914E-5
9.481335152137784E-5
9.42939774678647E-5
9.404287416998941E-5
9.35161810019286E-5
9.372243825156292E-5
9.337384403707972E-5
9.328597319079062E-5
9.470475783191608E-5
9.515803919963566E-5
9.491327041744677E-5
9.425596503002445E-5
9.410133815703354E-5
9.472881853445909E-5
9.440729950664204E-5
9.444248195094377E-5
9.351839521851652E-5
9.356088373918329E-5
9.277909188738763E-5
9.272134595011397E-5
9.232347057145877E-5
9.210247634642202E-5
9.21203399282897E-5
9.218012131815896E-5
9.227316628709437E-5
9.241958750660329E-5
9.226114708960551E-5
9.264706045156453E-5
9.296165453399534E-5
9.31522961305607E-5
9.366310301866306E-5
9.381527566533493E-5
9.355530729517397E-5
9.420887192155746E-5
9.490034674295293E-5
9.498631295598345E-5
9.534153673824056E-5
9.532167755351945E-5
9.538011261703818E-5
9.510702844144987E-5
9.53412219367645E-5
9.593164231023432E-5
9.616269538195622E-5
9.600664288491088E-5
9.683347320137236E-5
9.669128652701282E-5
9.649323500880418E-5
9.542508681505767E-5
9.516098648095575E-5
9.524822856759739E-5
9.468948350822246E-5
9.512590882921023E-5
9.551043225510549E-5
9.526790727463896E-5
9.499093073277492E-5
9.485909626574465E-5
9.522538818687357E-5
9.600896519321792E-5
9.578369569457922E-5
9.590555075509008E-5
9.587886127359992E-5
9.565734030307228E-5
9.607412512329018E-5
9.589015845637034E-5
9.592297268558799E-5
9.641689266251901E-5
9.65562721999927E-5
9.675483684192291E-5
9.685942417453531E-5
9.624124659451366E-5
9.550428879786117E-5
9.542805968647912E-5
9.503551395922516E-5
9.506827789597565E-5
9.599799859833213E-5
9.58984038182589E-5
9.577518201727821E-5
9.441780659549187E-5
9.422847365867635E-5
9.425363612817983E-5
9.397362826261963E-5
9.419334225681662E-5
9.398551976455602E-5
9.413239323496297E-5
9.378586252148713E-5
9.373636079166893E-5
9.361679776308161E-5
9.395292245507151E-5
9.39843529370939E-5
9.392704961666165E-5
9.414136410615979E-5
9.367235028914687E-5
9.321803133396232E-5
9.298734694132056E-5
9.375873202833455E-5
9.445088489789966E-5
9.413602759712556E-5
9.381611211784502E-5
9.397961253854073E-5
9.40722194733058E-5
9.437197719781905E-5
9.436662417467542E-5
9.377161956894398E-5
9.379700571190733E-5
9.383482592408642E-5
9.358854214446437E-5
9.354663356168197E-5
9.363189235172008E-5
9.416108422920682E-5
9.41139825447852E-5
9.384521931709341E-5
9.371979628851145E-5
9.406026653698807E-5
9.519403616968243E-5
9.507330853115153E-5
9.569676113175327E-5
9.578141179070811E-5
9.54796677592913E-5
9.524806649788643E-5
9.497525921191782E-5
9.500583651754518E-5
9.551906000156625E-5
9.508280334813339E-5
9.487085055419002E-5
9.474715690231867E-5
9.509220859072926E-5
9.50419139633681E-5
9.471726507568668E-5
9.494731265345962E-5
9.554764469471952E-5
9.577318775160817E-5
9.570458820355778E-5
9.600458454993157E-5
9.593565813537124E-5
9.552801178173245E-5
9.542998262529787E-5
9.605766791467676E-5
9.60295363004835E-5
9.583398027699765E-5
9.594622514551351E-5
9.571981179939508E-5
9.579917067183838E-5
9.580026584940359E-5
9.56900864413394E-5
9.531254190533813E-5
9.57142754515561E-5
9.522208279432058E-5
9.595950676637674E-5
9.579336442108357E-5
9.522104143357615E-5
9.511234900286115E-5
9.458035564202743E-5
9.506161305172157E-5
9.480151109470237E-5
9.489941882362213E-5
9.533158927695008E-5
9.545521232317888E-5
9.466522588239161E-5
9.454977860573232E-5
9.560450491906987E-5
9.592801080688306E-5
9.605857847223305E-5
9.556206316032851E-5
9.552917466091999E-5
9.588827303736363E-5
9.554068903290893E-5
9.618283963494747E-5
9.612531154197747E-5
9.81842736134593E-5
9.807500449710874E-5
9.841448428918492E-5
9.804556509294912E-5
9.864776054073783E-5
9.802709383079988E-5
9.850849209540082E-5
9.792426167844665E-5
9.807350028891969E-5
9.803621034152173E-5
9.751358284831298E-5
9.744343514225768E-5
9.765419623597063E-5
9.730750864145E-5
9.68963083213478E-5
9.624665546614277E-5
9.604692573068993E-5
9.591205257721355E-5
9.585120280031014E-5
9.563448363910949E-5
9.55640650845836E-5
9.538163315919497E-5
9.558506435743727E-5
9.582746478989328E-5
9.567529629781691E-5
9.581105936005281E-5
9.564729619313027E-5
9.576284060482192E-5
9.584163699597392E-5
9.555545326156773E-5
9.534465909247554E-5
9.471629712623638E-5
9.518472594410243E-5
9.590406034911429E-5
9.621073075230032E-5
9.704225168952848E-5
9.698923902051008E-5
9.71642469811758E-5
9.724647444188924E-5
9.638536667858984E-5
9.657858958300806E-5
9.643652321869372E-5
9.704724227724005E-5
9.704373328498702E-5
9.617161225265908E-5
9.604380571686416E-5
9.624726350832596E-5
9.608984859814558E-5
9.486797727165371E-5
9.489718698221343E-5
9.456946270337144E-5
9.46706161753062E-5
9.439754204614625E-5
9.435349959004175E-5
9.516313485843667E-5
9.538569424271332E-5
9.575997247537981E-5
9.592750672038442E-5
9.55908527945999E-5
9.572600318113795E-5
9.576326451465174E-5
9.539308901077541E-5
9.542064149879917E-5
9.490127311746452E-5
9.472795534483712E-5
9.489068162966362E-5
9.51024231369479E-5
9.478765912451374E-5
9.479222496507208E-5
9.511065463719759E-5
9.575452110288143E-5
9.587519579585566E-5
9.57974547907685E-5
9.538904999988E-5
9.522688797357455E-5
9.540802766296139E-5
9.537778701202549E-5
9.520126727398139E-5
9.421412533190256E-5
9.315586614409645E-5
9.241300045753247E-5
9.228831324417454E-5
9.240256070144972E-5
9.2467471260258E-5
9.205334123861466E-5
9.212211374655361E-5
9.243245298248904E-5
9.276418052283211E-5
9.32092221206325E-5
9.324560312793051E-5
9.362589506823929E-5
9.39411606142169E-5
9.515300783502477E-5
9.43900719321864E-5
9.464967820878608E-5
9.443754839302091E-5
9.428910347615109E-5
9.402504522186908E-5
9.408657051150149E-5
9.448049399802641E-5
9.428544055280289E-5
9.455983286279926E-5
9.472328474762128E-5
9.449656717504228E-5
9.47677618343129E-5
9.488347490042074E-5
9.486968286143098E-5
9.549033866273774E-5
9.692127796580596E-5
9.67040837828285E-5
9.749067299189606E-5
9.780076475874122E-5
9.822202363190678E-5
9.84164422199141E-5
9.780706847714857E-5
9.819533132183687E-5
9.78934505228398E-5
9.735586986400637E-5
9.74231710397146E-5
9.74419144703307E-5
9.804042105311524E-5
9.817271386699013E-5
9.758341790813447E-5
9.810333812283318E-5
9.632961072344235E-5
9.621093140783545E-5
9.603673714671354E-5
9.532574600629561E-5
9.526755841918643E-5
9.567229572706615E-5
9.588776208538397E-5
9.598171107455108E-5
9.615847722214468E-5
9.624672398974992E-5
9.59507198903842E-5
9.638013418641129E-5
9.605325702079837E-5
9.585069260026812E-5
9.56685206491139E-5
9.546989919240004E-5
9.580090276887497E-5
9.576067671386378E-5
9.618442615300407E-5
9.669556889984167E-5
9.686649002453388E-5
9.677735620316482E-5
9.657372501590251E-5
9.702761627957974E-5
9.705478512886947E-5
9.693226987646766E-5
9.68272556353131E-5
9.646941536161233E-5
9.655128520140586E-5
9.670788470813174E-5
9.733251955591426E-5
9.723705582376719E-5
9.726756397178732E-5
9.735049988860379E-5
9.738320117557369E-5
9.745874278676539E-5
9.677921891632124E-5
9.666944808394903E-5
9.657295389802269E-5
9.695146578462246E-5
9.779795570271542E-5
9.776198085079699E-5
9.817589194012082E-5
9.816354788124447E-5
9.859079056885279E-5
9.846245525989937E-5
9.738341608870361E-5
9.721400774731559E-5
9.694039001406341E-5
9.694786436841581E-5
9.689479446964252E-5
9.845110376909427E-5
9.90783683358935E-5
9.868647622970631E-5
9.8584987671346E-5
9.832984996604468E-5
9.856232478855205E-5
9.871047689281148E-5
9.792099738278693E-5
9.704521619028024E-5
9.680894578414848E-5
9.580864085439404E-5
9.501561236207954E-5
9.494088202133484E-5
9.431852600416996E-5
9.522205484971108E-5
9.56330981946628E-5
9.50792477368387E-5
9.646417876960073E-5
9.606383054973126E-5
9.575277318336803E-5
9.582160151300263E-5
9.542244305369597E-5
9.606906704484182E-5
9.628403150722165E-5
9.656723899335076E-5
9.654815595503377E-5
9.625158527048E-5
9.604470397426959E-5
9.538917450144318E-5
9.515394008001808E-5
9.59139542678765E-5
9.592863714588477E-5
9.588106146228761E-5
9.511143756503788E-5
9.521615207228607E-5
9.527011207260311E-5
9.551550075968247E-5
9.517100223615206E-5
9.30780518327003E-5
9.37759533730175E-5
9.421488887865805E-5
9.447658817068109E-5
9.45814070942514E-5
9.452700285801151E-5
9.431728373553302E-5
9.47038121958931E-5
9.497252986894231E-5
9.478924170635468E-5
9.496932323085047E-5
9.508717622238943E-5
9.530060283051055E-5
9.528637984220985E-5
9.531350003754253E-5
1.0176101910041986E-4
1.0163392198127264E-4
1.0173214101772906E-4
1.0248942002947308E-4
1.02641877361671E-4
1.0264372274083877E-4
1.029120054853018E-4
1.0258341726561594E-4
1.0238661364872848E-4
1.022245928960476E-4
1.0221893131670896E-4
1.01686557479881E-4
1.0183630867723376E-4
1.0153514889899744E-4
1.0170507064703022E-4
1.0165249101501822E-4
1.0244049728452781E-4
1.0252763403469331E-4
1.0205370595636262E-4
1.0168512010219121E-4
1.017879909363799E-4
1.0186133568356755E-4
1.0205382450023043E-4
1.0198158847914809E-4
1.0200874484799611E-4
1.0153453265495605E-4
1.0159494593058869E-4
1.0198143631605131E-4
1.0168851905094149E-4
1.0205870728545029E-4
1.0301279608105372E-4
1.0222912269575544E-4
1.02441995139965E-4
1.0266099996266662E-4
1.0227270596863652E-4
1.0229048915933749E-4
1.0202191076210811E-4
1.017166323851882E-4
1.0171738062036856E-4
1.0180903494689514E-4
1.013133359318629E-4
1.0152755517381411E-4
1.01164900257598E-4
1.0071781788411153E-4
1.0064087118396431E-4
1.0102969490486063E-4
1.0067529546920141E-4
1.0098856783750619E-4
1.0119500451850566E-4
1.0162783912351965E-4
1.0161633123849232E-4
1.0102241730167668E-4
1.0111604442086156E-4
1.0138020532889727E-4
1.0213674050603847E-4
1.0280797042601067E-4
1.0314705462939703E-4
1.031321608208675E-4
1.0291275438661706E-4
1.0247947241734169E-4
1.0189466376776945E-4
1.0155900000508446E-4
1.0143589876381522E-4
1.0183777207615292E-4
1.0260990843871251E-4
1.0163739081181061E-4
1.019152115272457E-4
1.0209249467639719E-4
1.0198481357686704E-4
1.0215144298427519E-4
1.0203779235482186E-4
1.0187824669795649E-4
1.0207880343092401E-4
1.0194384373997755E-4
1.0219320475122548E-4
1.0191365643541451E-4
1.0159267423806809E-4
1.0196774085348344E-4
1.0270597509677001E-4
1.025647452472103E-4
1.0250924578947859E-4
1.0235264179046E-4
1.0275586895685785E-4
1.0290879546733173E-4
1.0328686808758017E-4
1.0250686069495786E-4
1.0220190783940209E-4
1.0188959300505234E-4
1.0194119234937721E-4
1.0152219255585358E-4
1.0122779588399055E-4
1.0121431052111465E-4
1.0162769694298467E-4
1.0031729830268145E-4
1.0034582642309433E-4
1.0016691871445529E-4
9.99432782472695E-5
9.977621303938122E-5
1.0004096713018975E-4
1.0119098111464868E-4
1.0058422903013761E-4
1.0055902354592999E-4
1.0034726384137492E-4
1.0006643119255233E-4
1.0017331545308641E-4
1.0024490136959592E-4
1.0067810443277249E-4
1.0075943778327253E-4
1.0074393162448966E-4
1.0125785110531444E-4
1.012711930073181E-4
1.0169565992285658E-4
1.0202843770097728E-4
1.0195350298931568E-4
1.0230084691254672E-4
1.024905103951532E-4
1.022984482041581E-4
1.0228613469906834E-4
1.0233208141543224E-4
1.0251455872344166E-4
1.0259918835591627E-4
1.0287378510466568E-4
1.0232619336379017E-4
1.0226134799651229E-4
1.030217585167064E-4
1.0267186640097034E-4
1.0234455637536868E-4
1.0183800313422932E-4
1.0245481350891833E-4
1.0152405127157108E-4
1.0147401965817515E-4
1.0125490067091924E-4
1.0113273841980502E-4
1.0115552245655555E-4
1.0047449528262789E-4
1.0069346766965674E-4
1.0069939940665805E-4
1.0053600494731356E-4
1.0084716285093728E-4
1.0041842696623753E-4
1.0023956786528665E-4
9.934058713878894E-5
9.878721052210512E-5
9.860653294278123E-5
9.817619267305208E-5
9.841868609462933E-5
9.838050818029625E-5
9.855703311557427E-5
9.894449229515755E-5
9.874644964523707E-5
9.853817959682856E-5
9.794838796293137E-5
9.83668103555306E-5
9.80953936690405E-5
9.828242543246532E-5
9.769825874916981E-5
9.792542639443317E-5
9.83223077183243E-5
9.863794984091355E-5
9.881247411650424E-5
9.872175462861503E-5
9.878242512637364E-5
9.912831308232527E-5
9.892229002929993E-5
9.97541822574797E-5
1.002509941149428E-4
9.965957247448352E-5
9.94782320929074E-5
9.953995793902335E-5
9.937888832513061E-5
9.950282075110241E-5
9.944547753262204E-5
9.923702529386544E-5
9.89541296470163E-5
9.937119159975774E-5
9.934579565627159E-5
9.95222962585293E-5
9.94403045124071E-5
9.939444649003143E-5
9.907288015374015E-5
9.867726303612567E-5
9.922522654382985E-5
9.952040082478459E-5
1.0024757778863148E-4
1.0015733037906733E-4
9.98991177104213E-5
9.988173848064403E-5
9.986075037879782E-5
1.0032038849047133E-4
1.0054147109033262E-4
1.0099410698170625E-4
1.01106360121554E-4
1.0115381330735382E-4
1.0147270114490729E-4
1.0035797239193004E-4
1.0063158644082505E-4
1.00001659674603E-4
9.920558992583473E-5
9.955509907273764E-5
1.0005321126159848E-4
9.969634206170851E-5
9.969566354866727E-5
9.963705431666805E-5
9.941092275850555E-5
9.866458160544508E-5
9.878866232066797E-5
9.862205145535654E-5
9.852431308632421E-5
9.921636224346139E-5
9.933765334802347E-5
9.928871462542642E-5
9.903798615297342E-5
9.91060815143524E-5
9.901472300669547E-5
1.0052394725941366E-4
9.99724555034662E-5
1.0044566927654443E-4
1.0049681930313098E-4
1.0069400562956823E-4
1.0045186364733403E-4
1.0042857565909915E-4
1.00138844279616E-4
1.0042357194701398E-4
9.995542944051168E-5
9.97434103792525E-5
9.988594781577434E-5
9.954458587850735E-5
9.917671949674708E-5
9.900368657692173E-5
9.915816762962175E-5
9.936391693319085E-5
9.913136767963715E-5
9.8481569303435E-5
9.818045188469733E-5
9.809124024034703E-5
9.823324335578825E-5
9.863106996115014E-5
9.930416739909766E-5
9.929499988431154E-5
9.901241442897857E-5
9.883270105426427E-5
9.904426084778621E-5
9.857094761697621E-5
9.8332287350784E-5
9.847740114714398E-5
9.887080003269044E-5
9.879898237044062E-5
9.787423520502442E-5
9.780010950799034E-5
9.792533941817348E-5
9.776425553294998E-5
9.775028142628846E-5
9.774457675583736E-5
9.768229979450361E-5
9.802509456965778E-5
9.810254260509073E-5
9.847525038780123E-5
9.81786909140466E-5
9.780602677091635E-5
9.814803128296076E-5
9.865340784193399E-5
9.841684713661606E-5
9.823883082542621E-5
9.834152093832961E-5
9.85026505550651E-5
9.856671988558623E-5
9.799029840566188E-5
9.789742272844809E-5
9.842077604560385E-5
9.849979068763319E-5
9.8707504354512E-5
9.859212982714289E-5
9.868144662977888E-5
9.853659175112088E-5
9.820053552604732E-5
9.80707846150684E-5
9.789068618127319E-5
9.784664704168982E-5
9.771521666200004E-5
9.787441326452593E-5
9.826873255009651E-5
9.907464391933095E-5
9.923217576209589E-5
9.930564873795493E-5
9.949273919309595E-5
9.961413147091933E-5
9.966286250385608E-5
9.949106995630056E-5
9.943797807328574E-5
9.960385301682571E-5
1.001429373993798E-4
1.0039393057488058E-4
1.004795168743826E-4
1.0108274223720867E-4
1.0119509122395218E-4
1.0139983303991301E-4
1.0119845058382155E-4
1.0172522549975958E-4
1.030265288363812E-4
1.0197011082374204E-4
1.0203828125705233E-4
1.0144655137959448E-4
1.017120875753266E-4
1.0160869230397891E-4
1.0202545357594875E-4
1.016757503300834E-4
1.013044353069586E-4
1.0165154472609806E-4
1.0041719153366065E-4
1.0041948351368794E-4
1.0083638532179802E-4
1.0054811588291039E-4
1.0025305850084642E-4
9.982911621803858E-5
9.97966697588667E-5
9.953208490418618E-5
9.962208276403974E-5
9.988811508234645E-5
9.99940216582156E-5
9.973717158486258E-5
1.0006696715039814E-4
1.005752608332155E-4
1.0050071856518219E-4
1.0051249827709054E-4
1.0031277775679118E-4
1.0060789843883342E-4
1.0056741737303521E-4
1.0082314343153104E-4
1.0105736626962859E-4
1.0101319932996474E-4
1.0135270578723036E-4
1.0139843076709485E-4
1.012371346385717E-4
1.01152690380421E-4
1.0101248979915034E-4
1.0079842202394627E-4
1.0105375243865271E-4
1.015615330354539E-4
1.0143395981589147E-4
1.014423095964978E-4
1.0187733015310799E-4
1.0170965913189437E-4
1.0181358378781049E-4
1.0168701524677215E-4
1.0095922008558816E-4
1.0082337502916364E-4
1.0045146622342744E-4
1.0072370250986811E-4
1.0105789082208867E-4
1.0083226802315628E-4
1.0163244596576951E-4
1.018545707560327E-4
1.0174535722380943E-4
1.0174786469658492E-4
1.0222323161121834E-4
1.0239682638112987E-4
1.0289754990751156E-4
1.0387057151341384E-4
1.0370915177479273E-4
1.0317678001906013E-4
1.0323732101794385E-4
1.0287417807065188E-4
1.0308953260464514E-4
1.0232602430725582E-4
1.0235600958671473E-4
1.0230173305138014E-4
1.02797888064321E-4
1.0239504004951551E-4
1.02720000067529E-4
1.0256880928614387E-4
1.0248416067010111E-4
1.0273894038020733E-4
1.0282171138819274E-4
1.02332455180123E-4
1.0172497923893132E-4
1.0209834604455351E-4
1.0240226782845985E-4
1.031345361055594E-4
1.0299008147308182E-4
1.0304759361747423E-4
1.031667819013288E-4
1.0312211095465035E-4
1.0253122231361267E-4
1.0277817653489578E-4
1.0295354199345066E-4
1.0325054076231522E-4
1.0362195289556392E-4
1.0346502855588385E-4
1.0348479305673981E-4
1.0282122969547366E-4
1.0282307832815953E-4
1.0317166221710016E-4
1.031545888937097E-4
1.0360849342411618E-4
1.0294361383527579E-4
1.0230206902323529E-4
1.0233700028713381E-4
1.0203547398173253E-4
1.0166418838835045E-4
1.019987460552117E-4
1.0212429735182429E-4
1.023393019650911E-4
1.0276513544333595E-4
1.0305209766712776E-4
1.024575543816734E-4
1.0270868357431298E-4
1.0304692487366375E-4
1.0275771562189432E-4
1.034761450914558E-4
1.0406205397238118E-4
1.0366813750195569E-4
1.0297107659581576E-4
1.0317696938229009E-4
1.031341858159055E-4
1.0346933740740344E-4
1.0350137914363275E-4
1.0373874034539415E-4
1.0493021601681312E-4
1.0488936235681968E-4
1.049134942702608E-4
1.0467075778197188E-4
1.0441226655963662E-4
1.0462423669472488E-4
1.0435048379698011E-4
1.0389144679922059E-4
1.042294726986263E-4
1.0417833781599694E-4
1.0429311113409092E-4
1.0437203969544213E-4
1.0468148272376426E-4
1.0501473386792492E-4
1.0544926300078926E-4
1.0595904173165109E-4
1.0574990339168586E-4
1.0555047722661588E-4
1.057906747067274E-4
1.0559589099982892E-4
1.0489705706082622E-4
1.0463798462185117E-4
1.0490101545415245E-4
1.0461800074361865E-4
1.0407599118543456E-4
1.0388873010644877E-4
1.0361764764260368E-4
1.0336553746151095E-4
1.0415608840919787E-4
1.0432149768617422E-4
1.0429133489192567E-4
1.0409462233162533E-4
1.0491527703312468E-4
1.0463608999804955E-4
1.04931250398211E-4
1.0552416384314592E-4
1.0580074660794991E-4
1.0589493268431414E-4
1.0627943350547052E-4
1.0593369151465213E-4
1.0527429398415262E-4
1.0497628110503882E-4
1.0495312187033249E-4
1.047805737487261E-4
1.0571019380079958E-4
1.0579273712730808E-4
1.0573535256320548E-4
1.0539282262147335E-4
1.0563051173497379E-4
1.0561106506566836E-4
1.051335991034555E-4
1.0461731246397436E-4
1.044936377770604E-4
1.0495186133410272E-4
1.0457451125572248E-4
1.0530380191816896E-4
1.0509283979204785E-4
1.0508098013273309E-4
1.0547071516360674E-4
1.0539873276010274E-4
1.0731390077742741E-4
1.0729882502843957E-4
1.070773987718443E-4
1.063292435977461E-4
1.057857641543892E-4
1.055481376050861E-4
1.0589604023545711E-4
1.0618194277721512E-4
1.0595558281113384E-4
1.0641522613403935E-4
1.064309553979529E-4
1.0765626193334989E-4
1.0746410410383338E-4
1.0806726929908164E-4
1.0744030262809193E-4
1.0684464429960368E-4
1.0705245267977031E-4
1.069910513171911E-4
1.0676041537808199E-4
1.0746954606153552E-4
1.0659586159557445E-4
1.0732853947740234E-4
1.0767971095701705E-4
1.0769781415273027E-4
1.0820068370040533E-4
1.0780266544061198E-4
1.0782299885346104E-4
1.0823247638224206E-4
1.0824748687450467E-4
1.0794126947938041E-4
1.0892061532502259E-4
1.0852172423722549E-4
1.0859361596071232E-4
1.0937629286828434E-4
1.0917496084013853E-4
1.0891093579342314E-4
1.0955180286613933E-4
1.092643251063182E-4
1.0938081188362474E-4
1.096690860054409E-4
1.0969933774564815E-4
1.0947021541908015E-4
1.0846494131443988E-4
1.0863038187325124E-4
1.0843426177777163E-4
1.0831961082194553E-4
1.0877878981583096E-4
1.0855483314006065E-4
1.0853079412921384E-4
1.084681723733036E-4
1.0802238318948885E-4
1.0844272101999707E-4
1.0854131791831884E-4
1.0723764945701925E-4
1.072346225953078E-4
1.0733822454976242E-4
1.0664476747875045E-4
1.0688297831099244E-4
1.062573306709193E-4
1.0723898756907291E-4
1.0681761891299864E-4
1.0683324348519835E-4
1.0630216006955336E-4
1.0652363750244224E-4
1.0629844648045923E-4
1.0640903894813383E-4
1.059927896554633E-4
1.0496021363199438E-4
1.0521067738495517E-4
1.0547258346845519E-4
1.0521609159093348E-4
1.0585741133601438E-4
1.0598263641324731E-4
1.0566787398423331E-4
1.0605123292686783E-4
1.0589899215068798E-4
1.0599279807751199E-4
1.0649956859674578E-4
1.0597666673158821E-4
1.062341828581382E-4
1.0622844556855896E-4
1.0648676827335814E-4
1.0657039618837695E-4
1.0714754832933324E-4
1.0696059569313847E-4
1.0720040461391234E-4
1.0716951311659671E-4
1.0803963528424241E-4
1.0859572437939547E-4
1.0821039861152242E-4
1.0812211819690992E-4
1.0791971851589206E-4
1.080056152061578E-4
1.0877806506349812E-4
1.0854253538651541E-4
1.0996872685577625E-4
1.1066836992603504E-4
1.1040191385622202E-4
1.1055907159530066E-4
1.105752628306382E-4
1.0967157131113021E-4
1.0980685539398652E-4
1.0989326009203993E-4
1.096058852421077E-4
1.1002433616362857E-4
1.1011023266965694E-4
1.1002981415536818E-4
1.1014632847631777E-4
1.1056586722772866E-4
1.1068620112956087E-4
1.1071769367746485E-4
1.1024316516307104E-4
1.1049868548006332E-4
1.1042649741084478E-4
1.1028511369079834E-4
1.1023951044247605E-4
1.1055061631662777E-4
1.1042406740841504E-4
1.1039711355181928E-4
1.1038388548150769E-4
1.096192065256068E-4
1.1016434348030396E-4
1.1024065110476777E-4
1.1005108338419573E-4
1.0898916808510181E-4
1.0972837123980194E-4
1.096109784367657E-4
1.0966304484618988E-4
1.0894708212563263E-4
1.1035218976971226E-4
1.1026492194588177E-4
1.1033674392984638E-4
1.1077390671195746E-4
1.1126640806353141E-4
1.1159734093698235E-4
1.1135212603791806E-4
1.1111798964863226E-4
1.1147653799758027E-4
1.1125975363315747E-4
1.1117358693337594E-4
1.1137562449168885E-4
1.1114873762487297E-4
1.110672633399779E-4
1.1096105311561505E-4
1.1149207502408549E-4
1.1216659666102715E-4
1.1146879168667399E-4
1.119434873656598E-4
1.1218395693279663E-4
1.1224964632282252E-4
1.1212742908352017E-4
1.1273599988426185E-4
1.1302500103088512E-4
1.1286703740740374E-4
1.1265416842454526E-4
1.1341318146116942E-4
1.1309680767459276E-4
1.1339161031251704E-4
1.1349463478774458E-4
1.1390954842401411E-4
1.1427600413897592E-4
1.1581233824876024E-4
1.1575597426502894E-4
1.1577426144807876E-4
1.1519011361011756E-4
1.1459642382874989E-4
1.1504220696419998E-4
1.1458912223043539E-4
1.15120892119437E-4
1.1522057301928403E-4
1.1478949962731556E-4
1.1524738874592011E-4
1.1526777525318021E-4
1.1408644288727912E-4
1.1488901662128709E-4
1.1485781514538956E-4
1.1564788054003414E-4
1.171459924509391E-4
1.171424763886105E-4
1.1753630036966582E-4
1.1763453346620913E-4
1.1861652019869467E-4
1.1794096480796857E-4
1.1853879341075166E-4
1.1754413022087443E-4
1.1692579234716513E-4
1.1692352089044528E-4
1.1666707171565501E-4
1.1711068368145125E-4
1.1721980795075098E-4
1.1773623267567048E-4
1.1762400652510654E-4
1.1789617997861853E-4
1.1810628091470272E-4
1.1724613380903999E-4
1.1686723486568017E-4
1.168478954678074E-4
1.1638749415505454E-4
1.1666501438513006E-4
1.1667883890540068E-4
1.162242249150804E-4
1.1624518923268442E-4
1.1619146522333566E-4
1.1627456827781702E-4
1.1691247259248347E-4
1.1701951498930809E-4
1.1732701027764379E-4
1.1890134000703329E-4
1.187124283382462E-4
1.1839964828631175E-4
1.1875969209891445E-4
1.1840973349936288E-4
1.1860880175563123E-4
1.1887942496805472E-4
1.1879072308172292E-4
1.1886829849781974E-4
1.1887967226530973E-4
1.1901070016240595E-4
1.196157633581909E-4
1.203544284935801E-4
1.2033212752401399E-4
1.200012424764773E-4
1.200031794635039E-4
1.2006099738363632E-4
1.2072035562822862E-4
1.2013648376348613E-4
1.2030647807484467E-4
1.2009471893088738E-4
1.205293833757509E-4
1.2016620519906678E-4
1.2003338046668894E-4
1.1971355019289278E-4
1.1961857902334726E-4
1.2049630841349843E-4
1.2000360932771255E-4
1.1962920245630517E-4
1.1985539033962638E-4
1.2094337850476431E-4
1.1998677547273563E-4
1.200337821172797E-4
1.2037207589877017E-4
1.190211655372206E-4
1.192162842501386E-4
1.1873264626222355E-4
1.1862220490900158E-4
1.192372519313889E-4
1.1900762265498136E-4
1.1781529512132763E-4
1.1739816912170097E-4
1.1747011505424052E-4
1.1822677872698874E-4
1.1833105654657005E-4
1.1890652875401772E-4
1.184940993264551E-4
1.2024379107443313E-4
1.2080994401153446E-4
1.2237223563870415E-4
1.2076715268501393E-4
1.2036976427585765E-4
1.2029425901492691E-4
1.211293230260881E-4
1.2044006683446651E-4
1.1977699094491488E-4
1.1989373321101272E-4
1.1980713677080673E-4
1.1993012916646542E-4
1.1938678870916792E-4
1.1939889638635396E-4
1.1985949405009549E-4
1.1999699081384341E-4
1.2031164596391228E-4
1.2156337039236088E-4
1.2182562396653613E-4
1.212639795379875E-4
1.2084020532632876E-4
1.2052138148943333E-4
1.2044724941675878E-4
1.1897396516009235E-4
1.1819197975662392E-4
1.178742459479372E-4
1.1668796789084183E-4
1.1618470424837935E-4
1.1635632630659067E-4
1.1619665500498498E-4
1.1616074806413555E-4
1.1600609218481489E-4
1.1559621952490105E-4
1.1489762569183155E-4
1.1514484867070144E-4
1.1521856555268122E-4
1.1549480631633209E-4
1.1520976845654695E-4
1.1526545639528646E-4
1.1480616284374241E-4
1.151528312522969E-4
1.1549229252329427E-4
1.1590488663138679E-4
1.1658213098888111E-4
1.1653351621134474E-4
1.1754071933046912E-4
1.1796002219324853E-4
1.1789209391998654E-4
1.171361739551958E-4
1.1698745204636804E-4
1.161947582706231E-4
1.1658243637397842E-4
1.1596466843840629E-4
1.1628230377989587E-4
1.1646069271345437E-4
1.1637255792903174E-4
1.1671925295325335E-4
1.1782088783749757E-4
1.1761460628593957E-4
1.1785233222025448E-4
1.1802590604788034E-4
1.1792421809736407E-4
1.1833536943331738E-4
1.1813713501858115E-4
1.1933081468384863E-4
1.1886375395464508E-4
1.2044073935760508E-4
1.1974380369346118E-4
1.2002392212792914E-4
1.2054311069357833E-4
1.1962266655849028E-4
1.192472754845887E-4
1.1973108755375663E-4
1.2000160345053185E-4
1.200670136871446E-4
1.1989611018780219E-4
1.2010126536938241E-4
1.1944866706484649E-4
1.1911995427408257E-4
1.1886898734439945E-4
1.1926508870246382E-4
1.1908001770956186E-4
1.197763844393815E-4
1.2061202606198855E-4
1.2046367285788916E-4
1.2122005306803126E-4
1.2204165913697295E-4
1.2144566866789058E-4
1.2197461103770493E-4
1.223534688636878E-4
1.2227875916881003E-4
1.2166937230555424E-4
1.2210745520485283E-4
1.224060419784009E-4
1.2109135801128712E-4
1.2128245946744824E-4
1.215459949270922E-4
1.2157468431916394E-4
1.2152180382582147E-4
1.2023958121730187E-4
1.1873045552462865E-4
1.1833102045960325E-4
1.1915976584454558E-4
1.1954769085870961E-4
1.2071205715318433E-4
1.2078247984554664E-4
1.2121637274018613E-4
1.2152645845526303E-4
1.21743973178295E-4
1.2119603092783246E-4
1.2095415018379043E-4
1.2094680210035044E-4
1.2006686036380795E-4
1.1997679259557036E-4
1.197855316689634E-4
1.1995392140863888E-4
1.2155651885471897E-4
1.224493587763641E-4
1.223430947846312E-4
1.2225757511997678E-4
1.2224189729846671E-4
1.2236343014998782E-4
1.22892790403695E-4
1.2283387852130145E-4
1.2277777517261375E-4
1.226247410368826E-4
1.2312352882921647E-4
1.233849700573358E-4
1.2347862668764446E-4
1.2240902566347474E-4
1.2192746056459503E-4
1.2174022255854021E-4
1.217998110941489E-4
1.2153046827506542E-4
1.2136435884934958E-4
1.1963393713907806E-4
1.1972858892095647E-4
1.2011264099923136E-4
1.1964085699296056E-4
1.1965432787958866E-4
1.1948789660271231E-4
1.1967637985144678E-4
1.1971025741748543E-4
1.1985053756230953E-4
1.1992505852277003E-4
1.1948579877461884E-4
1.1924049702326959E-4
1.200143606388043E-4
1.1944661110501258E-4
1.1914012069627103E-4
1.1892047151322241E-4
1.1978263085855073E-4
1.1898812645777916E-4
1.1881905343921136E-4
1.1847177420491435E-4
1.1848832500202698E-4
1.18450185165684E-4
1.196893486163138E-4
1.2031138764762408E-4
1.2094397770737762E-4
1.2091144496365797E-4
1.2107202948782567E-4
1.211965727021621E-4
1.2095571733718302E-4
1.2063025072216009E-4
1.2070190049681352E-4
1.2042574246110751E-4
1.2048289739948994E-4
1.2048671183486553E-4
1.2059510206819E-4
1.2082660849717116E-4
1.2123071351516982E-4
1.2054884122464287E-4
1.2047282323076271E-4
1.2119680820378036E-4
1.2126024150897783E-4
1.2104789036861539E-4
1.2151821120320548E-4
1.2159275787862219E-4
1.2144279956212616E-4
1.2077251484815727E-4
1.2036689199991961E-4
1.2019189403185587E-4
1.2022104492922398E-4
1.2105431192399202E-4
1.2025753986883862E-4
1.20480765930684E-4
1.2074228996353204E-4
1.2078933274655999E-4
1.211446786765371E-4
1.2067479922808683E-4
1.1975210306337117E-4
1.2075532467673053E-4
1.2054053565334345E-4
1.2070549447276746E-4
1.2038740650522423E-4
1.1996151780268819E-4
1.2083500090078482E-4
1.2081394633694087E-4
1.206224788900502E-4
1.2094963567106382E-4
1.2095826339381898E-4
1.2074798978899504E-4
1.1968483769999442E-4
1.2065157750706805E-4
1.2098250111916397E-4
1.2124139721086243E-4
1.2008340188507414E-4
1.202542599552995E-4
1.2054766877238339E-4
1.2044376023796141E-4
1.1905850718476597E-4
1.1869622737757852E-4
1.1976915966439963E-4
1.2014201135415346E-4
1.2062173547129382E-4
1.2096857564766004E-4
1.207507192382762E-4
1.2091536807191762E-4
1.2084292545858214E-4
1.2034383734124683E-4
1.2078855597644575E-4
1.2028350856976085E-4
1.2005313826897544E-4
1.2030410498293468E-4
1.2075137536465723E-4
1.212131792848475E-4
1.216833885997414E-4
1.2212837052365724E-4
1.223797206085875E-4
1.232867878922677E-4
1.2260784575870488E-4
1.2350305137301865E-4
1.2397885259620052E-4
1.2422710450845736E-4
1.2435760839918253E-4
1.2427276160339722E-4
1.240764930651331E-4
1.238190947316632E-4
1.2403592273594195E-4
1.2468670972946023E-4
1.245087309572305E-4
1.2637007431333137E-4
1.2520725582076527E-4
1.242474820103904E-4
1.2455765020907646E-4
1.2453577997687717E-4
1.2406172979843088E-4
1.2543446589200518E-4
1.2568180616694195E-4
1.2615241139275245E-4
1.261411315455581E-4
1.2655909069846365E-4
1.256571012189971E-4
1.2562295243326467E-4
1.2633257302157187E-4
1.2811601967724917E-4
1.289970988044946E-4
1.289949603315014E-4
1.285577581699889E-4
1.2918845139014366E-4
1.2906575206333501E-4
1.2872681293045547E-4
1.2866514194361404E-4
1.2792871488115766E-4
1.281304227102439E-4
1.2796440327957038E-4
1.2794696943012413E-4
1.2727805363644496E-4
1.2859996385031588E-4
1.2846615891968304E-4
1.295256415688679E-4
1.3182793387283653E-4
1.3127277184368845E-4
1.317244575881779E-4
1.3211629981215562E-4
1.3215809713635593E-4
1.3205590914758684E-4
1.306557679930662E-4
1.3130790111204793E-4
1.3128569147040405E-4
1.3154752822080697E-4
1.3091612472881578E-4
1.2996713521391505E-4
1.2971356225016748E-4
1.284180554444984E-4
1.2776871252481207E-4
1.269113196417989E-4
1.2610070374842193E-4
1.2472201030274413E-4
1.2431760942078124E-4
1.2481532926750502E-4
1.246619392656149E-4
1.2423633153429381E-4
1.2611935676841253E-4
1.2686006354161486E-4
1.2598125478971808E-4
1.2583666576595326E-4
1.2661495852142366E-4
1.2698455197672238E-4
1.2679967784680058E-4
1.2693973945543608E-4
1.2691769450409165E-4
1.264666352830594E-4
1.2525360356087847E-4
1.255003571882331E-4
1.258157217604692E-4
1.261555572117314E-4
1.263263956224516E-4
1.2685208696100925E-4
1.2544346636169144E-4
1.2465566817354104E-4
1.2396774737086523E-4
1.2384322848094518E-4
1.2355010287638286E-4
1.2340008587063037E-4
1.231376796482269E-4
1.2464828005018838E-4
1.2319633055426718E-4
1.231060779669537E-4
1.2299554641932595E-4
1.2432874140837718E-4
1.2399885861595272E-4
1.2382643001086194E-4
1.2410815757736538E-4
1.259238773010116E-4
1.2540608334114453E-4
1.2634535089082037E-4
1.2731354537726385E-4
1.2749746360926279E-4
1.2719559835923445E-4
1.2746063536280203E-4
1.2697859469000338E-4
1.2731999739126366E-4
1.2632383871448704E-4
1.2680257871632974E-4
1.2614649361901176E-4
1.268194387277196E-4
1.26584040125603E-4
1.2596531107622212E-4
1.3693907415196865E-4
1.3708485031645073E-4
1.3702762710231798E-4
1.3633545750958112E-4
1.3607468337535936E-4
1.3638750848721942E-4
1.3727662780882842E-4
1.3749821589011482E-4
1.3814963143832248E-4
1.3781762679590377E-4
1.3782617670608031E-4
1.3843019817591487E-4
1.395255707614934E-4
1.3945589840350624E-4
1.396401817672379E-4
1.4069676610207416E-4
1.4158851562998413E-4
1.4168881971746592E-4
1.4171481525198062E-4
1.4302707913584905E-4
1.4284347454898998E-4
1.4343347565694373E-4
1.4374375145798522E-4
1.448516707640879E-4
1.4540729913915752E-4
1.4561837898288284E-4
1.4467843696052327E-4
1.4429753120177874E-4
1.4501234351683732E-4
1.4443403209195012E-4
1.462328695137302E-4
1.4604216310459223E-4
1.470272456843142E-4
1.466118722220204E-4
1.4634636471154677E-4
1.4712035295930142E-4
1.4696079097863439E-4
1.4767919616452829E-4
1.4712937767105165E-4
1.4855131891346754E-4
1.478240077355555E-4
1.481037664613448E-4
1.4641027638275826E-4
1.4707091843962726E-4
1.4672545202616476E-4
1.468397963251544E-4
1.4661266657333062E-4
1.4684030359836373E-4
1.4626823423936197E-4
1.4623200601851687E-4
1.465297869206768E-4
1.4606946775684796E-4
1.461353137005076E-4
1.4579870178178965E-4
1.4372394533578942E-4
1.420747957185578E-4
1.4081517563650225E-4
1.4066903244892541E-4
1.4069365174739951E-4
1.401587529489826E-4
1.407283293105038E-4
1.4120352795265307E-4
1.405386334001345E-4
1.408447618542269E-4
1.4090559354166258E-4
1.405618462186413E-4
1.4037089434899955E-4
1.4028725762347361E-4
1.4073172241089652E-4
1.4064330468039265E-4
1.4085475825051114E-4
1.3995841362463753E-4
1.4004417073219214E-4
1.4040642864038497E-4
1.3922159236749886E-4
1.3853379685201318E-4
1.3929947725047935E-4
1.3910364530261447E-4
1.3791957368433934E-4
1.3693467478661508E-4
1.3552462667000664E-4
1.3560300471010192E-4
1.3579779952096316E-4
1.3607401222193757E-4
1.3625240891512735E-4
1.3616148507152295E-4
1.374617338147861E-4
1.375263584671856E-4
1.3746637031705354E-4
1.3808861817674387E-4
1.3755138936730662E-4
1.3783804821688417E-4
1.3724865395528735E-4
1.3603828417208127E-4
1.3551950673866951E-4
1.3574213370999105E-4
1.35541378494179E-4
1.356423128256385E-4
1.3551601255343905E-4
1.3519204016320603E-4
1.354943502601667E-4
1.3607309645246156E-4
1.3681374712495823E-4
1.373334271194585E-4
1.378833023089335E-4
1.3770800776952242E-4
1.3925384298013398E-4
1.3932237403577335E-4
1.392778782154677E-4
1.379607182395886E-4
1.374276335419935E-4
1.3743010143397062E-4
1.3738809235261552E-4
1.3746835218489626E-4
1.3802173702631912E-4
1.381459409687583E-4
1.3862670356420859E-4
1.3851886258549957E-4
1.3868541210522285E-4
1.401561769959643E-4
1.400548553620135E-4
1.4124121344787083E-4
1.41283854992228E-4
1.4163484602038124E-4
1.4337552764645707E-4
1.4273387505492476E-4
1.4381159693517955E-4
1.438902546267645E-4
1.4385243836191673E-4
1.4347995497047394E-4
1.4512370994091106E-4
1.4504557286313397E-4
1.4490880282804242E-4
1.4444167415009635E-4
1.4447505473530638E-4
1.4324199297748686E-4
1.4309322143427866E-4
1.4218748263749721E-4
1.4291647475081086E-4
1.4301761452459853E-4
1.4345957477277196E-4
1.4265704340056821E-4
1.4360853863191122E-4
1.4352538712532125E-4
1.436524661102349E-4
1.4325880558090803E-4
1.432805809628707E-4
1.4335372336747197E-4
1.4396509067898604E-4
1.4437673722048078E-4
1.446191488760428E-4
1.448731572976209E-4
1.4570047962907882E-4
1.4494289117038804E-4
1.4464711881691898E-4
1.441848217045051E-4
1.4478582214408884E-4
1.4441892544804271E-4
1.4367912347760785E-4
1.430077111926147E-4
1.4371180266552425E-4
1.433528214818959E-4
1.4407444996027342E-4
1.4355870781198216E-4
1.4495175394792947E-4
1.4445871221102164E-4
1.4501966927434268E-4
1.4439578612773102E-4
1.4419035841275863E-4
1.4445873099336502E-4
1.446540195007103E-4
1.437105756130549E-4
1.4370288443834862E-4
1.4372157232249967E-4
1.4439055970423486E-4
1.4398022728969302E-4
1.4356877508974836E-4
1.428533065633917E-4
1.4291700322100647E-4
1.4322675384657128E-4
1.4365332308707214E-4
1.4343341048463543E-4
1.4309793012215217E-4
1.4225070368504734E-4
1.4244585047034562E-4
1.4278962160963588E-4
1.42341332844628E-4
1.423664945698003E-4
1.4180509137559687E-4
1.4246780959045472E-4
1.4143615336183177E-4
1.4140182629913812E-4
1.4216272134873163E-4
1.4109369055243176E-4
1.407637961114425E-4
1.4120620755842846E-4
1.4155567864789864E-4
1.4241620028308493E-4
1.4346603928176664E-4
1.4418566110681192E-4
1.442664909742467E-4
1.4364071129575903E-4
1.4434628651884484E-4
1.4306626075279218E-4
1.4089419504729618E-4
1.419119973862463E-4
1.414959058799563E-4
1.4155383619084743E-4
1.410692635102242E-4
1.4110933559246882E-4
1.4124351121263707E-4
1.4152998430435668E-4
1.4092648257651408E-4
1.4121135183568182E-4
1.4241909678918877E-4
1.4170214519439872E-4
1.4299715809266E-4
1.4241122186993717E-4
1.4033810682090281E-4
1.3949048946657568E-4
1.3984496048470796E-4
1.388805262676689E-4
1.39910065250929E-4
1.3913517999520334E-4
1.39236685470138E-4
1.396930739256617E-4
1.392049375495355E-4
1.396588732298128E-4
1.394604157574618E-4
1.395825504278163E-4
1.397807960034588E-4
1.4083239618567964E-4
1.4105027738305182E-4
1.409228161341865E-4
1.401519874827418E-4
1.3980878575193793E-4
1.4101016211391976E-4
1.4054078413021208E-4
1.4141336355883092E-4
1.4212024086175424E-4
1.4198122751127597E-4
1.422320204222758E-4
1.425712853839766E-4
1.4359839795601096E-4
1.4496132891725268E-4
1.4445135124614345E-4
1.4351613425193745E-4
1.4413520375048238E-4
1.4440354844720563E-4
1.4425505305190709E-4
1.4434603126087372E-4
1.4418317469499842E-4
1.4460627018430421E-4
1.4464699523559992E-4
1.442138531740548E-4
1.4463058296715586E-4
1.443509001878275E-4
1.4412020207508079E-4
1.4387094579416666E-4
1.4466197170319583E-4
1.44159065865009E-4
1.4430704826404457E-4
1.442687798616383E-4
1.4369842382503414E-4
1.4502808476729036E-4
1.4433692116807507E-4
1.4410963550988513E-4
1.4379966919484758E-4
1.4411152141141094E-4
1.4518611770371085E-4
1.4542730860580148E-4
1.4559578865668918E-4
1.465604846984116E-4
1.4666693663285986E-4
1.46855114939477E-4
1.4727589178077196E-4
1.477386675673161E-4
1.4826324290408003E-4
1.4816597948952637E-4
1.482622245396897E-4
1.483477965594178E-4
1.4895635621236866E-4
1.4873478853605622E-4
1.4799048745014166E-4
1.4759879023034113E-4
1.4696736536761162E-4
1.466715571108402E-4
1.4642390151040413E-4
1.469362294465739E-4
1.4707851732061511E-4
1.47407832089188E-4
1.462637412130486E-4
1.4633498236806973E-4
1.46936235573504E-4
1.4731216952031876E-4
1.46864847415536E-4
1.4603119395865065E-4
1.4565031308057098E-4
1.4484235826773648E-4
1.4415674517367281E-4
1.4526207299560528E-4
1.450402759360288E-4
1.453792450122156E-4
1.450321201758164E-4
1.457565753118603E-4
1.451981144599599E-4
1.4416289382695275E-4
1.438754748115775E-4
1.4199983720542556E-4
1.4218639576989704E-4
1.4157030757768035E-4
1.4183767306946018E-4
1.4262646607883612E-4
1.4257017595838942E-4
1.4211427433740022E-4
1.4282969912031364E-4
1.428267397011615E-4
1.4357320155254023E-4
1.4397718090843284E-4
1.4528710439036394E-4
1.4342981025766208E-4
1.441764464902559E-4
1.4485315121891835E-4
1.4463420292474134E-4
1.4461608226803952E-4
1.444689715710249E-4
1.4352219534875116E-4
1.4277127880728477E-4
1.4286482081258444E-4
1.4229170372559473E-4
1.4224951599439042E-4
1.4244589484091995E-4
1.4241844241501814E-4
1.4279333849653847E-4
1.4099944794085397E-4
1.4093128455840498E-4
1.4071994837257248E-4
1.4024980460210711E-4
1.3978552910562218E-4
1.39495348953754E-4
1.4006401878064297E-4
1.3904635859796457E-4
1.4007143265701915E-4
1.3996233687037576E-4
1.4026063435398922E-4
1.4014579081011758E-4
1.3923681095561884E-4
1.386188232548703E-4
1.3760614491945103E-4
1.3733995542733953E-4
1.3650915843762252E-4
1.369712016840483E-4
1.3677180401195353E-4
1.3753324047345336E-4
1.388366802140202E-4
1.3914715996820386E-4
1.386995131429035E-4
1.3859657088483788E-4
1.3845618764563527E-4
1.3875577281468067E-4
1.3837108119401034E-4
1.3894791645243266E-4
1.393537943842297E-4
1.3898714045918674E-4
1.3822176214065829E-4
1.3833611518282638E-4
1.3865710173371069E-4
1.385840886880532E-4
1.3870086982325009E-4
1.3922235657302853E-4
1.3839699829083077E-4
1.38624144619935E-4
1.3885466295082444E-4
1.3906806881155767E-4
1.3847384310452192E-4
1.3894439499030696E-4
1.382303908215241E-4
1.3810026661990204E-4
1.3758173153292965E-4
1.378171846524812E-4
1.372828956249236E-4
1.3749908232024846E-4
1.3732597302422428E-4
1.3728185120928486E-4
1.3814511709046113E-4
1.3884204125864027E-4
1.384114856982741E-4
1.389546026629214E-4
1.385682785491827E-4
1.3863794954020574E-4
1.3860847351313983E-4
1.381551358163857E-4
1.3779410688095274E-4
1.38603172345253E-4
1.3850185628598853E-4
1.3898950682526015E-4
1.3964604502167597E-4
1.3937257886395107E-4
1.3881723006319667E-4
1.3809981269055925E-4
1.377827121707346E-4
1.3755427353978315E-4
1.3761083202168634E-4
1.3601306247082304E-4
1.3580404597314971E-4
1.3570002731976677E-4
1.356235072633227E-4
1.35594338742098E-4
1.3507251439345535E-4
1.3501144053585602E-4
1.3525165016593698E-4
1.3464558587351902E-4
1.3444872630842512E-4
1.3396599346755857E-4
1.3422918243989436E-4
1.3501093441981572E-4
1.3471177722656778E-4
1.3461633660805835E-4
1.3458168094749914E-4
1.3473328828423296E-4
1.3482083604753295E-4
1.3506481503076405E-4
1.3402898093420277E-4
1.344266763739009E-4
1.3480701494047567E-4
1.346189133150938E-4
1.3371606739767057E-4
1.3307755648579386E-4
1.329549805938308E-4
1.3270963435253763E-4
1.3268151265798833E-4
1.3228541346406022E-4
1.3198726142697533E-4
1.3198293598050686E-4
1.319081018703174E-4
1.318755898789718E-4
1.2996977711053336E-4
1.3065270344789144E-4
1.3034555577212914E-4
1.29946541190099E-4
1.3026758659533393E-4
1.3047863232906618E-4
1.3158267462635824E-4
1.3120109862020608E-4
1.3188867893621593E-4
1.3157941163868364E-4
1.3091419871661593E-4
1.3058969889157847E-4
1.3072000150239253E-4
1.3105651097076345E-4
1.319599028632866E-4
1.3178020746672825E-4
1.3120030260605416E-4
1.311996134118493E-4
1.307020950688934E-4
1.3049326513518095E-4
1.2989440466344742E-4
1.3043187798566388E-4
1.3073556244597357E-4
1.2919699135672372E-4
1.2942328355440788E-4
1.301747216898654E-4
1.310070827373992E-4
1.3074232691584172E-4
1.316328534661378E-4
1.3268081145606514E-4
1.3311958984227622E-4
1.3289234338890812E-4
1.3351499969921737E-4
1.3238649663980978E-4
1.3312294776822217E-4
1.3243804788333672E-4
1.327639864600511E-4
1.3158246311288757E-4
1.3175052351959142E-4
1.3286432084516395E-4
1.3312038090792025E-4
1.3248802021692218E-4
1.3220724311833402E-4
1.319077703803749E-4
1.3178173684380142E-4
1.3218450808667563E-4
1.3299723111995576E-4
1.3310674899808756E-4
1.3254029759067454E-4
1.3208219616214173E-4
1.3302269770905175E-4
1.3425799895748491E-4
1.3426014559242292E-4
1.345397031745829E-4
1.3336143021997943E-4
1.3329443384871607E-4
1.3168627816247285E-4
1.31775489870967E-4
1.318044160941551E-4
1.3206276403397122E-4
1.3207925424541268E-4
1.3159626700613323E-4
1.3142207945172953E-4
1.3107170830515278E-4
1.303911765351846E-4
1.3078338293751274E-4
1.3103812864378314E-4
1.3074941221045592E-4
1.322093523469921E-4
1.324380560689203E-4
1.329941738860912E-4
1.3377860625336983E-4
1.343653669756907E-4
1.336365261468378E-4
1.3441345922524987E-4
1.3485563232743244E-4
1.3501028009610966E-4
1.3475953775569786E-4
1.3477076482560846E-4
1.3421876510856485E-4
1.35070177472526E-4
1.3417284375384238E-4
1.3398369879107658E-4
1.3393144087935332E-4
1.3389084675974759E-4
1.3362663335210467E-4
1.336005666726931E-4
1.3266313215507653E-4
1.3319577123427752E-4
1.333807466645133E-4
1.3339254633419606E-4
1.3324000289027425E-4
1.334439402060213E-4
1.3329287550809175E-4
1.3307265564275268E-4
1.3313207336350838E-4
1.3210331767229486E-4
1.3116891501024905E-4
1.3077228894373244E-4
1.308644676130848E-4
1.3066837969200816E-4
1.2987621997836258E-4
1.2992739168779575E-4
1.2981439685551545E-4
1.2909033792036717E-4
1.3133537528536848E-4
1.3063407642648035E-4
1.3055672070037803E-4
1.3079984341859288E-4
1.3029171671530838E-4
1.305373851157082E-4
1.2980236027464686E-4
1.3011338587916424E-4
1.2952329064093318E-4
1.2796964872148096E-4
1.2781380621191594E-4
1.2695500299187134E-4
1.2693382028353443E-4
1.272370177321144E-4
1.2722116347726854E-4
1.272935043110302E-4
1.2735714105039392E-4
1.272918076063718E-4
1.273837286563824E-4
1.271784940417386E-4
1.2675400594049687E-4
1.283418351874214E-4
1.281533447127365E-4
1.2814255639913657E-4
1.2904207040540368E-4
1.299018495566202E-4
1.2948095952251585E-4
1.294000537010981E-4
1.2958716340565494E-4
1.2994060297621452E-4
1.300810498881503E-4
1.2986957079853567E-4
1.2992380047048836E-4
1.3046115233755583E-4
1.2972626178092602E-4
1.302537056965959E-4
1.3111158356207364E-4
1.2985383300056146E-4
1.30979012185174E-4
1.3046205139576676E-4
1.318195553218554E-4
1.3385842426193368E-4
1.348169323866457E-4
1.354568927089972E-4
1.3559252958547104E-4
1.3595125825239024E-4
1.3619491828057852E-4
1.35508490481788E-4
1.3614016180818144E-4
1.3629223780493375E-4
1.3597511794898745E-4
1.357761639090671E-4
1.350431271511255E-4
1.3525514028545866E-4
1.3582411030500885E-4
1.361906423897791E-4
1.362393008084967E-4
1.372797200028764E-4
1.3759069254579045E-4
1.37063777138495E-4
1.3562445676315184E-4
1.3640342154975975E-4
1.361675519932036E-4
1.3677963510803876E-4
1.3667938859087807E-4
1.3608625080236886E-4
1.3572249147092322E-4
1.356685023296018E-4
1.358481748233706E-4
1.3587785754976342E-4
1.3688081887217968E-4
1.3524120522286605E-4
1.3627131291898555E-4
1.3554741728869003E-4
1.3561032991623418E-4
1.3602805818643143E-4
1.3637670476810117E-4
1.3583655531450143E-4
1.3590991987132904E-4
1.3588333884286764E-4
1.374413841687478E-4
1.3790109291990905E-4
1.3773147143673545E-4
1.3741127894487159E-4
1.3735687881395533E-4
1.360950904499595E-4
1.3732917959689101E-4
1.3716393185505413E-4
1.37585001694221E-4
1.372869444817941E-4
1.3692458225980094E-4
1.370682440165934E-4
1.353976662364716E-4
1.3609453830954162E-4
1.3576291916641675E-4
1.3549781784178406E-4
1.3571155278948286E-4
1.355358143436928E-4
1.3581817955249958E-4
1.361286787340061E-4
1.3664781634386108E-4
1.3674162367376125E-4
1.3721632635588848E-4
1.3835126672596872E-4
1.3809574642200168E-4
1.3869121513374874E-4
1.386448534626552E-4
1.3875285413002193E-4
1.381659087941166E-4
1.3789832674800922E-4
1.3814043678712543E-4
1.3723843958732593E-4
1.3672086604441002E-4
1.3668959899434396E-4
1.3739567802303424E-4
1.37432657355126E-4
1.3731134187501103E-4
1.3697276192411773E-4
1.372737915420938E-4
1.372572016062278E-4
1.3771717078920554E-4
1.3693376351367974E-4
1.376706039618843E-4
1.377317030084505E-4
1.3755899203591847E-4
1.3751621463596527E-4
1.3854850742432015E-4
1.3666731860782435E-4
1.3709524321732513E-4
1.371505246392272E-4
1.3788596132653996E-4
1.3628304655756906E-4
1.3661247437906306E-4
1.366601365036544E-4
1.3705163739150173E-4
1.3714206440680864E-4
1.369930039538409E-4
1.3879651831260722E-4
1.3913514227557224E-4
1.4034997202721982E-4
1.4007853243086263E-4
1.3765477309050383E-4
1.3743024526707614E-4
1.377638754056537E-4
1.377121380358187E-4
1.413281121702202E-4
1.4131588786874924E-4
1.399094458635963E-4
1.4076671710547555E-4
1.408923308110689E-4
1.3894643515685595E-4
1.390362152086523E-4
1.3703376780966914E-4
1.361661911209364E-4
1.3626251445468881E-4
1.3702935546407248E-4
1.3737373870030287E-4
1.370818092141236E-4
1.3721357004832548E-4
1.3704216850760095E-4
1.357991948115344E-4
1.3572262795094706E-4
1.3509690903319686E-4
1.3344641045422194E-4
1.338624036625197E-4
1.3297893188512848E-4
1.3347198242758692E-4
1.3335891194012788E-4
1.3323209847435603E-4
1.3308390479796129E-4
1.3345991482054774E-4
1.3357447987763857E-4
1.349365592617003E-4
1.3570562499006807E-4
1.3613730634686027E-4
1.371770118814984E-4
1.370995591440263E-4
1.3565366970512839E-4
1.3510660715456883E-4
1.3581063024011524E-4
1.3613055806181964E-4
1.3602930295833607E-4
1.3586134605123525E-4
1.3622806746333056E-4
1.3633504461575116E-4
1.3559795157786563E-4
1.3585328216575443E-4
1.3629582537418684E-4
1.3504504922825543E-4
1.351503966839158E-4
1.345376701707503E-4
1.3456194289037027E-4
1.3407345926921556E-4
1.3385183160898606E-4
1.342862474932178E-4
1.3519221675703242E-4
1.3475932092067255E-4
1.3546975020209854E-4
1.342096036922376E-4
1.3544105980562072E-4
1.3617432863583036E-4
1.3581147926727618E-4
1.356117425840808E-4
1.3532348614249618E-4
1.341467962043028E-4
1.3376749051048208E-4
1.3442073361143823E-4
1.3415964733121534E-4
1.3392918560520368E-4
1.3388161190660864E-4
1.3334115700778482E-4
1.3342893238922176E-4
1.3350207672994585E-4
1.3356165411447757E-4
1.332973215441862E-4
1.332113824296013E-4
1.3317519536398402E-4
1.3480026642540376E-4
1.3377503339031163E-4
1.3451872728271216E-4
1.346277589670024E-4
1.3505562006783115E-4
1.3470044493963399E-4
1.3550675657717482E-4
1.3707511586972417E-4
1.3630659872575386E-4
1.357538566523124E-4
1.372468423022836E-4
1.3544035213035625E-4
1.3565218008224943E-4
1.3598240078524507E-4
1.3594871827897934E-4
1.3603658336296993E-4
1.3517652374272585E-4
1.3382141681215551E-4
1.3414175865894218E-4
1.347860130924225E-4
1.3434896736400274E-4
1.3381311167326204E-4
1.3375160111547124E-4
1.3444549973575724E-4
1.3504960924655532E-4
1.353008086239938E-4
1.3486351366433688E-4
1.3582416301763923E-4
1.3574400097412598E-4
1.3638358584678247E-4
1.3669821814203437E-4
1.36729634432721E-4
1.3636491561033493E-4
1.3570881512632878E-4
1.359557418593536E-4
1.359378345871704E-4
1.3583597116421518E-4
1.356132214827789E-4
1.35504572783754E-4
1.3533304429076353E-4
1.3536307944334367E-4
1.3567472355743742E-4
1.3543777367234586E-4
1.3541543023409166E-4
1.352400762856264E-4
1.3521721220380366E-4
1.355105950827814E-4
1.3604732097458194E-4
1.3619582712621507E-4
1.3578200992410102E-4
1.3543373890984104E-4
1.3588636052959657E-4
1.3649296541665967E-4
1.3695113834661187E-4
1.3771514033601354E-4
1.371939916199781E-4
1.362672979758331E-4
1.3658631065767378E-4
1.3562494194504943E-4
1.366386500682461E-4
1.3621489807318145E-4
1.3638371560903203E-4
1.3760319114343268E-4
1.3832877839033286E-4
1.38487758678547E-4
1.385384086732661E-4
1.3775603859976534E-4
1.3771556987833482E-4
1.3812143987490964E-4
1.3797493150834544E-4
1.3736022309880785E-4
1.3760115421361646E-4
1.3749981373422415E-4
1.3748723173267444E-4
1.3703601830974908E-4
1.3694952222293493E-4
1.362478831127541E-4
1.356398816704148E-4
1.3527959057160613E-4
1.3518623736552147E-4
1.3414914286003144E-4
1.3380844446345906E-4
1.332608954895008E-4
1.334466459957236E-4
1.32967771811664E-4
1.3243140245957027E-4
1.3318660295906086E-4
1.3406657382371634E-4
1.338126330181495E-4
1.348271234491392E-4
1.357390000320539E-4
1.3550728478641183E-4
1.3403357913177377E-4
1.3481847121307763E-4
1.3471202881424965E-4
1.3556360976187766E-4
1.3623381642491317E-4
1.3602112826457187E-4
1.3671417192370796E-4
1.362949314826723E-4
1.3638623552157897E-4
1.3655494230032327E-4
1.3609293037878948E-4
1.3685573093328817E-4
1.3770955347822738E-4
1.377734814035808E-4
1.3830118462585653E-4
1.399025947675716E-4
1.4013214206299289E-4
1.3989106051143154E-4
1.3887769314823497E-4
1.389149180750964E-4
1.3919820831637328E-4
1.3848099309388394E-4
1.3895365194566828E-4
1.387285678479834E-4
1.3795592786312324E-4
1.3735155884934223E-4
1.3816312973488412E-4
1.3820308224022601E-4
1.36825975309074E-4
1.3638955260118096E-4
1.3617088176552826E-4
1.359267779346407E-4
1.365930188802842E-4
1.3750473600938833E-4
1.382010461850358E-4
1.375826656651431E-4
1.3720104471893934E-4
1.3733574199080708E-4
1.3716515801087909E-4
1.3748201266824657E-4
1.366637224057125E-4
1.3711466271258446E-4
1.3751033435698443E-4
1.3702182905661554E-4
1.3652001365055513E-4
1.354608866683629E-4
1.3607384763759774E-4
1.3624728850651394E-4
1.361527024627877E-4
1.3629230679691707E-4
1.365793782696378E-4
1.365309041759478E-4
1.3782221155395205E-4
1.3678667309405956E-4
1.359093390168311E-4
1.3617396265873675E-4
1.360808142811919E-4
1.359033315494634E-4
1.3636910727516093E-4
1.3615624541214331E-4
1.371194960744825E-4
1.3663000949902133E-4
1.3661100460220124E-4
1.3700761449083687E-4
1.3671009598696795E-4
1.3655186371704534E-4
1.370623780336476E-4
1.378262496325632E-4
1.3656119388725667E-4
1.3534940005691158E-4
1.3497861660164513E-4
1.3466452603150036E-4
1.3561406813166485E-4
1.351693356903971E-4
1.3494061049443095E-4
1.3485267074271403E-4
1.3471831319131498E-4
1.3516657614342188E-4
1.3470087509233979E-4
1.3488853245009858E-4
1.342699541077985E-4
1.3476853617121177E-4
1.3381010535384622E-4
1.3298185753956622E-4
1.333137560389595E-4
1.3322837046849217E-4
1.3277396511171885E-4
1.3263296933405894E-4
1.3305118389932494E-4
1.3230646735301786E-4
1.323817836036698E-4
1.3134372448732917E-4
1.329432126817404E-4
1.3191460833640665E-4
1.320445557837736E-4
1.3294374451365784E-4
1.335296809888235E-4
1.333229893739807E-4
1.3320460798774302E-4
1.3325266751128604E-4
1.330561658898163E-4
1.3254112729550377E-4
1.3323860458258643E-4
1.331822019736118E-4
1.3390784039559473E-4
1.3357937791524656E-4
1.3450205282008475E-4
1.3452962468501342E-4
1.3418020610055304E-4
1.3450171745979107E-4
1.3458816262311432E-4
1.3289458771022678E-4
1.3239117916520428E-4
1.3297690484078602E-4
1.3330148683222718E-4
1.332576953914923E-4
1.3602082410382047E-4
1.3611765993075975E-4
1.362896669138126E-4
1.3592097667349115E-4
1.3610524143823323E-4
1.358965900191622E-4
1.3612941266228206E-4
1.3822910098296518E-4
1.3844080814099058E-4
1.3798079486804967E-4
1.3751198421832494E-4
1.3728934978196288E-4
1.3718055548920144E-4
1.3721327791080235E-4
1.3687657044898755E-4
1.3647455571169995E-4
1.3661288461232178E-4
1.362052527754064E-4
1.3596527426994165E-4
1.3559892905580151E-4
1.3572005532148874E-4
1.359712932939906E-4
1.358332959786965E-4
1.3621851353254102E-4
1.3610944990877222E-4
1.335704245784013E-4
1.339312866811385E-4
1.3442033049307342E-4
1.3451783827676993E-4
1.3518960166030144E-4
1.3449437803018943E-4
1.3473644851834046E-4
1.3480355175503442E-4
1.3411004400276769E-4
1.344548604759854E-4
1.3356783652794787E-4
1.33869444241256E-4
1.3436780148467028E-4
1.3953437738848035E-4
1.3968868875379012E-4
1.3933545085421034E-4
1.3879688191290404E-4
1.4009458905227354E-4
1.3900922911350017E-4
1.3937985553060734E-4
1.389828997613075E-4
1.392517894478246E-4
1.3927474658970363E-4
1.3989250280078397E-4
1.399505974182725E-4
1.4120970898321786E-4
1.4128213646098976E-4
1.4186864312193878E-4
1.414244513057843E-4
1.4170221406364643E-4
1.4171558242115302E-4
1.4263631993911027E-4
1.4218616481342477E-4
1.4212411446903837E-4
1.4242270495568593E-4
1.4223688332268825E-4
1.414822504285495E-4
1.417865096141238E-4
1.4436219693475085E-4
1.428546161346902E-4
1.435792466846986E-4
1.442355911784977E-4
1.4451184582415648E-4
1.4465211340633307E-4
1.445701641122382E-4
1.444283793585847E-4
1.440265779790065E-4
1.4439492364728314E-4
1.448288398668859E-4
1.4569572554946664E-4
1.453729249893457E-4
1.450879003313609E-4
1.4491145152711787E-4
1.441100711300376E-4
1.4296233577003453E-4
1.4217563920878828E-4
1.4240174093583299E-4
1.4261283297561456E-4
1.4209735457569272E-4
1.4093130678427567E-4
1.345506396659087E-4
1.3606445430349533E-4
1.371516621333255E-4
1.3749111395630043E-4
1.3832658284738E-4
1.3851062963366397E-4
1.3910076785834195E-4
1.4031628053451581E-4
1.4038774486903433E-4
1.4086826327605544E-4
1.4136518280370898E-4
1.4071026378236428E-4
1.403148971331929E-4
1.3915291451391563E-4
1.3926492635213443E-4
1.3901630230143746E-4
1.3901714816036957E-4
1.3889038326378477E-4
1.3837931020913081E-4
1.384506504774101E-4
1.3856542397398512E-4
1.386116429506175E-4
1.3798061391744485E-4
1.3755614081764817E-4
1.382216893286733E-4
1.3875197590459927E-4
1.386287147179945E-4
1.3825328524689343E-4
1.3496180647956936E-4
1.3466383305433228E-4
1.3562456551324505E-4
1.3556591357620577E-4
1.3641235448958426E-4
1.362176465437189E-4
1.3585467310030827E-4
1.3543836818547778E-4
1.357484289957386E-4
1.3572912665834474E-4
1.36057897175534E-4
1.3630468873325404E-4
1.3701554235351557E-4
1.369498237396256E-4
1.374655521652532E-4
1.380126813261913E-4
1.383495080532279E-4
1.3913694181963654E-4
1.389207416036694E-4
1.3873598269597312E-4
1.3952234560873667E-4
1.4012916054174823E-4
1.4030343700893781E-4
1.3982348779468566E-4
1.4012537763793335E-4
1.4005108648821248E-4
1.399470629760324E-4
1.402267404494151E-4
1.4006320101861257E-4
1.3962004277130068E-4
1.3977121473446295E-4
1.4021903272192488E-4
1.4054271461737703E-4
1.4090516565402306E-4
1.4062399456588867E-4
1.4038711332695395E-4
1.4018542015014753E-4
1.399697463362773E-4
1.3929780229349212E-4
1.3838657183932418E-4
1.384784815577003E-4
1.3818214729514964E-4
1.3853562431061857E-4
1.3834648988021473E-4
1.3898991462871639E-4
1.391410040992383E-4
1.3840472003539043E-4
1.3871322454045348E-4
1.382843952043329E-4
1.3833635119367494E-4
1.3831877829045735E-4
1.3851095051055807E-4
1.393920722342052E-4
1.398702849887437E-4
1.393602980942395E-4
1.3956272580151045E-4
1.4035067724851784E-4
1.4007920115244118E-4
1.3928405532761447E-4
1.390788084602245E-4
1.3886491498433325E-4
1.3833283329288005E-4
1.3877925953089515E-4
1.389421180540565E-4
1.391032205718125E-4
1.3914534585684525E-4
1.3911427794540651E-4
1.3873786671035498E-4
1.3878151057166463E-4
1.3905371348372654E-4
1.391017013516563E-4
1.3874243467418474E-4
1.3806322632734433E-4
1.3793920669258965E-4
1.386677884143739E-4
1.3876907336980238E-4
1.3899769475719047E-4
1.3875921422245728E-4
1.3838877043209727E-4
1.3851259577552712E-4
1.388891509304057E-4
1.3893153129131892E-4
1.3904352037881368E-4
1.3804019044145747E-4
1.3834865356361116E-4
1.3981371329198388E-4
1.3979390646116165E-4
1.394726686896576E-4
1.3927909755075693E-4
1.3945701044984108E-4
1.3957915653762734E-4
1.401123883274061E-4
1.4022035126043882E-4
1.39517025641929E-4
1.3950701450593788E-4
1.4014714396784586E-4
1.4071206280103196E-4
1.4066212830135652E-4
1.4084934616023385E-4
1.4041420855881784E-4
1.4087672373729805E-4
1.4100536653075685E-4
1.405692832833747E-4
1.4084119388381742E-4
1.4115052850337473E-4
1.4065743507370645E-4
1.405481195038112E-4
1.4100266878838967E-4
1.409469604567766E-4
1.414087022721897E-4
1.4097622076851427E-4
1.4071282191456045E-4
1.4060221512421313E-4
1.4012206622993789E-4
1.396990509197883E-4
1.3968215549133725E-4
1.3956843079197207E-4
1.3895915477405357E-4
1.3713446941018858E-4
1.367227409224137E-4
1.364270639659282E-4
1.3642487135704672E-4
1.3605256074171424E-4
1.3691042146630122E-4
1.3691899673335984E-4
1.3648481564928117E-4
1.3624695319998693E-4
1.360579777429268E-4
1.361809471604866E-4
1.3523757010856248E-4
1.3524317074008443E-4
1.3540541247889025E-4
1.357434799251215E-4
1.3552719719346054E-4
1.3554493185037833E-4
1.360421728439681E-4
1.360680369124141E-4
1.3631387675220336E-4
1.3620432394845065E-4
1.3675922373659194E-4
1.3699545222816328E-4
1.3712140122371243E-4
1.3752761691334292E-4
1.3772491178191523E-4
1.3847707907375812E-4
1.3807328193507365E-4
1.3793626045995814E-4
1.379810838621248E-4
1.3822129754160036E-4
1.387178085245957E-4
1.3817420623210845E-4
1.3848722337823273E-4
1.3804102221226283E-4
1.3823354009700637E-4
1.381697260656049E-4
1.3811177377159452E-4
1.3823039269250743E-4
1.384608973884525E-4
1.3757095741971656E-4
1.3805980491105564E-4
1.3839459860440798E-4
1.3891872176258297E-4
1.3799345014450069E-4
1.380801166913915E-4
1.3828128071511004E-4
1.378247252901823E-4
1.382684941656595E-4
1.3811992294397902E-4
1.3744314703173944E-4
1.3777651221784352E-4
1.3808768676027217E-4
1.3846816074190193E-4
1.3808039241685856E-4
1.3876727901621024E-4
1.3811939623825984E-4
1.3793361429653586E-4
1.3804728629811965E-4
1.3865320625414308E-4
1.3920533172504185E-4
1.3925082833545884E-4
1.397031418007786E-4
1.3937767042478897E-4
1.396529627110684E-4
1.3945608058890622E-4
1.3923423932027154E-4
1.4041775766153472E-4
1.4129392898579304E-4
1.413299269510724E-4
1.413674053699856E-4
1.4217096883201703E-4
1.4188751356715326E-4
1.4210144388678743E-4
1.4241817654115382E-4
1.4151693479136327E-4
1.4142134434692763E-4
1.4140314523652633E-4
1.4111394746592676E-4
1.4202005181319043E-4
1.415423709419561E-4
1.4164285957544198E-4
1.4200918776092268E-4
1.4221677889459002E-4
1.423410047756719E-4
1.4295614747957607E-4
1.430866423766015E-4
1.4363363552028803E-4
1.425844419615964E-4
1.4389945599486005E-4
1.4305628362170102E-4
1.4263876297912343E-4
1.4257627800040983E-4
1.4322106253748907E-4
1.4343225888220244E-4
1.427013842749299E-4
1.4271560761922814E-4
1.4287184719654014E-4
1.4241282317722993E-4
1.4258807581177648E-4
1.4259996288645607E-4
1.427634139743181E-4
1.4159180907226724E-4
1.4149670951213645E-4
1.4019160220218578E-4
1.40887877506798E-4
1.4113900661436027E-4
1.4023555373969085E-4
1.3968056431478513E-4
1.3899169734429603E-4
1.393805652626293E-4
1.3964616532200985E-4
1.38662484652129E-4
1.3850774245003665E-4
1.390900516411952E-4
1.3877113958697877E-4
1.3916494834378842E-4
1.380942274761022E-4
1.3796613766676116E-4
1.3794500821559224E-4
1.3695092036752736E-4
1.3737898755437233E-4
1.3765557221708996E-4
1.372301342900593E-4
1.3774389290253654E-4
1.3779430150673402E-4
1.3742102996504982E-4
1.3671553318428493E-4
1.3662623851230877E-4
1.3677303512169337E-4
1.3747395615895685E-4
1.3696067161885758E-4
1.3631408051253252E-4
1.3688262921330977E-4
1.3681085140712464E-4
1.36372235134155E-4
1.3693912403126143E-4
1.378600697040796E-4
1.3766884733164677E-4
1.369475914820683E-4
1.374477007438166E-4
1.3773340642510152E-4
1.37523474400147E-4
1.3708648015269947E-4
1.36907048759109E-4
1.3739743535891272E-4
1.3734323499934014E-4
1.3795430059963346E-4
1.3738431023220432E-4
1.3750894446995583E-4
1.3792602831795794E-4
1.379043174845787E-4
1.3829885888716465E-4
1.3836122028655566E-4
1.379738179805772E-4
1.38415703396891E-4
1.390653491301655E-4
1.397167275203E-4
1.3962498106997814E-4
1.391832227483771E-4
1.3939978496554527E-4
1.3937200352257982E-4
1.4058333941298202E-4
1.4121546880528572E-4
1.4020220544997444E-4
1.3995256435879583E-4
1.3995203543668637E-4
1.4011690327978555E-4
1.405735638332089E-4
1.409483024348421E-4
1.4123410191183326E-4
1.4093562621196652E-4
1.4136214275387894E-4
1.4131764874331134E-4
1.412602733115183E-4
1.414901539251774E-4
1.4218119923448545E-4
1.4283744234024767E-4
1.4348181354647405E-4
1.425408538606087E-4
1.4261486513073102E-4
1.426587455909956E-4
1.4259432939860885E-4
1.4280812965775038E-4
1.4267427405249256E-4
1.4275169968137958E-4
1.4274605118192745E-4
1.4382441507397568E-4
1.44918529738135E-4
1.4502430023267027E-4
1.452308857478096E-4
1.4303153903234502E-4
1.432775801974868E-4
1.4240367799042323E-4
1.421873019233319E-4
1.4231070293659832E-4
1.41928993265556E-4
1.4247505885552712E-4
1.4287875414579766E-4
1.425458354747039E-4
1.4286990688561915E-4
1.4302022320670688E-4
1.423109263432069E-4
1.4274111236913263E-4
1.4188127771268258E-4
1.419390094502738E-4
1.412499926078717E-4
1.4163546666825266E-4
1.4131139931180061E-4
1.4174868418830665E-4
1.4243788542236531E-4
1.421046060800877E-4
1.421292879334437E-4
1.41882843802168E-4
1.4163748872214187E-4
1.411553450271266E-4
1.4093962460098806E-4
1.420051034162648E-4
1.4175509572079856E-4
1.4195688074470527E-4
1.4181038606489644E-4
1.4267209464895802E-4
1.417485444149997E-4
1.4218124166697326E-4
1.4240477807337643E-4
1.4278504800055607E-4
1.4263884887637064E-4
1.423911512430427E-4
1.4289240065511693E-4
1.421805794439666E-4
1.429361410209618E-4
1.4316772443938734E-4
1.4376864007789242E-4
1.4561469540163256E-4
1.458545564927506E-4
1.4669758581263733E-4
1.4626578639842476E-4
1.457543003898949E-4
1.4591911639324966E-4
1.4647226011593918E-4
1.4674763367835048E-4
1.4782011024782392E-4
1.483935467065153E-4
1.488000181737837E-4
1.4839279093061314E-4
1.4770800970606758E-4
1.4684020254668247E-4
1.467995816763019E-4
1.4681086280992706E-4
1.4727582414318785E-4
1.4717948110218212E-4
1.4707735152253982E-4
1.473907794886933E-4
1.4759507404376072E-4
1.4732117554947636E-4
1.4717282843990616E-4
1.4813037932222625E-4
1.4852049323040942E-4
1.4820279575784517E-4
1.478435751125701E-4
1.4781785873323994E-4
1.4744114070526046E-4
1.4784930399320908E-4
1.475416212856439E-4
1.4693224721629839E-4
1.469380123771916E-4
1.4672841871703573E-4
1.4653116941002332E-4
1.462963242519882E-4
1.4571481342243715E-4
1.4539214573173762E-4
1.4560397132032304E-4
1.4601369025044365E-4
1.4567790477757289E-4
1.453944994007165E-4
1.456320165438243E-4
1.4563083290381588E-4
1.4564194329999046E-4
1.4444335627670642E-4
1.4459854454813067E-4
1.444267443885475E-4
1.4449563295689232E-4
1.4438822279548344E-4
1.439582948401082E-4
1.4446558500015198E-4
1.4409492090202073E-4
1.4437372593746787E-4
1.436105327328298E-4
1.4352907922236073E-4
1.4427315321485323E-4
1.4528817903959818E-4
1.446400214123282E-4
1.4440137837654004E-4
1.4431728618944905E-4
1.4575642666133165E-4
1.459760514275476E-4
1.460007944715184E-4
1.4478850654404203E-4
1.451173902521406E-4
1.4491065331743945E-4
1.4432488448413983E-4
1.447957124712229E-4
1.4519027855138474E-4
1.451181901136433E-4
1.4377373685492057E-4
1.4378043724099925E-4
1.4318097284968888E-4
1.4229790215415175E-4
1.424741607486594E-4
1.426218421326468E-4
1.425722436059323E-4
1.427127128952054E-4
1.4354869061775479E-4
1.4368990300948176E-4
1.4406308907127818E-4
1.4387293851626234E-4
1.4364151029287966E-4
1.4451819105967508E-4
1.4438986430503672E-4
1.447966635253157E-4
1.4468945178589118E-4
1.4476758806905452E-4
1.450693752690817E-4
1.457329249878654E-4
1.456816903394465E-4
1.4533641981946704E-4
1.4465659885762468E-4
1.252814346724973E-4
